42.1154990196228
33.94921890845988
33.3120048105924
1.0
10.0
done
90.15862202644348
33.9263662050812
33.05054777541613
1.0
9.989450319999237
done
167.67269492149353
34.012253473837795
31.70574031761903
1.0
9.973115318649356
done
284.3111698627472
33.917995155869036
32.47780867965924
1.0
9.968018021092236
done
999.7231469154358
33.83469831408393
32.33280839181774
1.0
9.974963560701582
done
1214.805370092392
33.86519035269587
32.14371133401264
1.0
9.99436881457521
done
2418.8209109306335
33.87782346021245
31.24788847874257
1.0
9.980051770226607
done
2908.1790220737457
33.882098383048834
31.083153170011574
1.0
9.948509940604014
done
4960.191506147385
33.89053294727644
30.48522775051461
1.0
9.951155119673984
done
5911.430163145065
33.66166325487238
30.819831583363648
1.0
9.973259980600949
done
10320.32798409462
33.64441168510657
30.421871655982546
1.0
9.923506103401664
done
Debjits-MacBook-Pro:Kos debjit99$ 
