The 0th cluster is
number of docs :207
The centroid is : 4494 3384 6880 841 2031 6296 3858 5891 3005 3389 879 89 4143 1433 4627 5185 238 3282 2030 1664 4735 1666 4093 3754 5896 3936 4874 4632 4205 3070 4442 3998 2275 2409 3317 4761 6078 3350 4908 6319 6061 847 4258 4941 893 644 894 1580 3902 6261 3310 3676 2716 5186 2356 3558 4005 4736 4631 5167 1518 4579 4685 6767 5017 2907 3696 3299 237 6662 2703 4926 2082 6828 307 3295 4247 3123 2021 4204 4738 6689 870 3827 4155 240 1575 463 2654 6299 6705 6745 
[25, 54, 55, 59, 75, 79, 103, 114, 131, 138, 139, 154, 155, 159, 179, 182, 196, 224, 235, 240, 257, 260, 263, 278, 297, 309, 314, 318, 323, 324, 333, 345, 347, 373, 376, 389, 395, 408, 441, 451, 457, 466, 486, 489, 490, 494, 519, 527, 596, 600, 622, 637, 639, 649, 655, 658, 661, 663, 682, 694, 701, 722, 729, 735, 747, 749, 766, 772, 773, 789, 795, 809, 816, 830, 832, 838, 853, 888, 897, 903, 907, 1005, 1007, 1018, 1060, 1071, 1080, 1107, 1115, 1116, 1123, 1134, 1187, 1204, 1258, 1274, 1295, 1302, 1319, 1321, 1353, 1366, 1370, 1371, 1405, 1406, 1427, 1428, 1486, 1616, 1642, 1663, 1689, 1710, 1725, 1762, 1776, 1791, 1826, 1860, 1861, 1866, 1867, 1894, 1897, 1900, 1906, 1910, 1912, 1932, 1933, 1936, 1948, 1950, 1964, 1968, 1982, 1983, 2014, 2031, 2050, 2060, 2061, 2062, 2063, 2088, 2089, 2094, 2109, 2135, 2149, 2153, 2165, 2167, 2168, 2173, 2222, 2233, 2251, 2262, 2266, 2280, 2298, 2310, 2316, 2335, 2358, 2382, 2384, 2406, 2452, 2469, 2474, 2478, 2510, 2527, 2538, 2551, 2569, 2577, 2586, 2592, 2596, 2599, 2669, 2677, 2681, 2688, 2721, 2780, 2953, 2995, 3009, 3016, 3028, 3044, 3139, 3150, 3173, 3210, 3295, 3324, 3341, 3352, 3389, 3394, 3401]
The 1th cluster is
number of docs :543
The centroid is : 2031 3005 5552 4941 879 5185 1664 6785 841 1666 6296 4494 5891 5186 6689 4627 3282 4632 2703 89 4143 4735 4442 3858 4093 2030 6881 893 3998 5896 4761 4942 6767 238 894 1433 5386 5517 6333 1296 1837 2352 3350 6880 6078 3676 847 2275 5167 4196 4497 4908 6662 5792 1663 3558 1124 6705 2082 4258 6319 1297 5017 5156 2021 2838 3936 4264 6828 4926 2716 5987 3534 4635 1206 3123 4738 237 4874 5534 3310 1980 644 3902 4247 1311 2356 2640 621 2654 3295 4452 6299 6824 4685 1674 3696 5286 3070 3506 4205 4579 6659 3299 6745 5555 4957 2758 5810 2907 3519 3754 1605 4262 4631 3096 3752 5025 
[4, 14, 15, 16, 20, 22, 29, 32, 33, 34, 56, 67, 68, 70, 78, 83, 89, 91, 92, 96, 97, 107, 110, 115, 124, 140, 161, 165, 180, 210, 219, 223, 229, 230, 232, 243, 244, 246, 251, 255, 264, 273, 283, 290, 298, 301, 310, 313, 316, 325, 326, 342, 344, 346, 352, 361, 372, 390, 392, 401, 407, 420, 421, 427, 434, 435, 440, 442, 459, 515, 534, 541, 542, 553, 556, 557, 562, 571, 578, 584, 589, 595, 599, 601, 611, 617, 618, 620, 626, 635, 640, 645, 652, 660, 664, 670, 681, 686, 690, 696, 700, 703, 704, 705, 711, 737, 745, 755, 765, 770, 774, 775, 783, 784, 785, 786, 790, 794, 796, 798, 799, 805, 806, 810, 813, 833, 839, 842, 843, 844, 845, 848, 849, 854, 855, 859, 860, 862, 869, 870, 871, 872, 873, 875, 878, 883, 884, 891, 896, 901, 904, 905, 906, 918, 919, 925, 938, 940, 954, 964, 965, 972, 973, 975, 976, 978, 983, 984, 989, 994, 998, 1006, 1011, 1013, 1020, 1029, 1030, 1055, 1056, 1062, 1078, 1083, 1086, 1088, 1090, 1091, 1095, 1098, 1113, 1114, 1117, 1124, 1158, 1159, 1163, 1173, 1183, 1197, 1206, 1213, 1214, 1221, 1222, 1230, 1233, 1236, 1239, 1244, 1248, 1250, 1257, 1259, 1263, 1265, 1269, 1273, 1283, 1306, 1318, 1320, 1324, 1325, 1330, 1331, 1345, 1347, 1361, 1363, 1367, 1372, 1377, 1378, 1381, 1382, 1384, 1408, 1417, 1418, 1422, 1423, 1425, 1446, 1448, 1454, 1456, 1466, 1470, 1492, 1494, 1498, 1504, 1507, 1512, 1513, 1529, 1530, 1534, 1547, 1555, 1558, 1563, 1564, 1565, 1567, 1572, 1573, 1574, 1575, 1588, 1589, 1590, 1594, 1598, 1599, 1611, 1620, 1621, 1645, 1655, 1656, 1660, 1670, 1671, 1675, 1676, 1681, 1682, 1683, 1685, 1686, 1691, 1692, 1699, 1700, 1704, 1705, 1706, 1707, 1709, 1711, 1716, 1721, 1722, 1723, 1728, 1737, 1741, 1742, 1745, 1747, 1750, 1751, 1758, 1759, 1761, 1764, 1768, 1769, 1770, 1773, 1774, 1777, 1789, 1795, 1798, 1806, 1812, 1819, 1832, 1834, 1841, 1842, 1843, 1864, 1886, 1939, 1947, 1952, 1953, 1956, 1957, 1979, 1980, 1984, 1993, 2001, 2009, 2011, 2016, 2017, 2029, 2038, 2039, 2049, 2056, 2069, 2071, 2076, 2077, 2078, 2079, 2090, 2106, 2111, 2122, 2130, 2132, 2133, 2134, 2136, 2139, 2141, 2144, 2157, 2172, 2178, 2202, 2205, 2209, 2216, 2217, 2220, 2226, 2227, 2228, 2232, 2250, 2252, 2260, 2269, 2276, 2279, 2283, 2293, 2306, 2307, 2308, 2311, 2320, 2321, 2345, 2355, 2356, 2360, 2369, 2370, 2378, 2379, 2409, 2416, 2419, 2421, 2423, 2431, 2433, 2434, 2435, 2457, 2460, 2465, 2466, 2470, 2484, 2487, 2489, 2493, 2495, 2502, 2511, 2517, 2518, 2523, 2524, 2525, 2528, 2529, 2536, 2567, 2575, 2582, 2585, 2591, 2604, 2612, 2615, 2617, 2635, 2642, 2646, 2647, 2663, 2664, 2665, 2667, 2670, 2689, 2691, 2702, 2710, 2727, 2734, 2779, 2781, 2792, 2794, 2795, 2803, 2830, 2831, 2832, 2841, 2845, 2875, 2894, 2898, 2901, 2902, 2912, 2913, 2915, 2916, 2919, 2922, 2925, 2932, 2938, 2939, 2942, 2944, 2946, 2952, 2977, 2978, 2985, 2986, 2988, 3001, 3007, 3008, 3018, 3027, 3046, 3047, 3084, 3099, 3123, 3128, 3130, 3169, 3170, 3175, 3181, 3186, 3192, 3193, 3194, 3200, 3202, 3203, 3205, 3214, 3216, 3255, 3278, 3281, 3282, 3285, 3296, 3311, 3312, 3320, 3332, 3346, 3351, 3363, 3376, 3391, 3395, 3399, 3409, 3410, 3411, 3430]
The 2th cluster is
number of docs :2110
The centroid is : 2640 3420 841 6689 4632 2030 1664 3858 1666 4735 3005 6296 5186 3282 4635 3350 4494 879 5552 4143 89 847 3534 4196 4627 5896 5891 4761 4093 5185 4942 2000 6659 6881 1655 4941 238 6662 3422 2719 4442 2013 4205 1580 2031 893 6785 6661 5244 1433 4116 6660 6078 1096 4736 4497 4194 1467 4247 6880 3472 894 116 2032 6284 5386 987 2227 5840 5167 6299 989 6664 1516 5487 5960 6061 2703 3929 2275 644 3902 40 3458 1334 5528 4073 2654 990 5914 992 2756 5545 4738 2965 1850 3916 5049 5955 3665 3096 4546 6705 3889 4874 2582 2318 3507 3903 4340 4451 88 225 391 735 737 738 848 866 869 1951 2093 3671 4004 4149 4285 4686 4945 5187 5890 6067 6562 6584 6714 3998 4634 6767 5571 240 2716 237 6319 4926 5017 6618 4268 2907 3676 463 
[1, 2, 3, 5, 6, 7, 8, 9, 10, 11, 12, 13, 17, 19, 21, 23, 24, 26, 27, 28, 30, 31, 35, 37, 38, 39, 41, 42, 45, 46, 48, 49, 50, 51, 52, 57, 58, 60, 61, 62, 63, 64, 65, 69, 71, 72, 73, 74, 76, 80, 81, 82, 84, 85, 86, 87, 88, 90, 93, 95, 98, 99, 100, 101, 102, 104, 105, 106, 108, 113, 116, 117, 118, 119, 120, 121, 122, 123, 125, 126, 127, 129, 132, 133, 134, 136, 137, 141, 142, 143, 145, 146, 147, 148, 149, 150, 151, 152, 153, 156, 157, 160, 162, 163, 168, 169, 170, 171, 172, 173, 174, 175, 176, 177, 178, 183, 184, 185, 186, 187, 188, 190, 191, 192, 193, 194, 195, 198, 199, 200, 201, 203, 204, 205, 206, 208, 209, 211, 212, 213, 214, 215, 217, 218, 220, 225, 226, 227, 231, 233, 234, 236, 237, 238, 241, 242, 245, 247, 248, 249, 252, 253, 254, 256, 258, 259, 261, 262, 265, 266, 267, 268, 269, 271, 272, 274, 275, 276, 281, 284, 285, 286, 287, 288, 291, 292, 293, 294, 295, 300, 302, 303, 304, 305, 307, 308, 311, 312, 317, 319, 320, 321, 322, 327, 328, 329, 330, 331, 332, 334, 335, 338, 339, 341, 343, 348, 349, 350, 353, 355, 357, 358, 359, 360, 364, 365, 368, 369, 370, 371, 375, 377, 379, 380, 381, 382, 383, 385, 386, 387, 388, 391, 393, 394, 396, 397, 398, 399, 400, 402, 403, 404, 405, 406, 409, 410, 411, 412, 413, 414, 415, 416, 418, 419, 422, 424, 425, 426, 428, 429, 430, 432, 433, 436, 438, 439, 443, 444, 445, 446, 447, 448, 449, 450, 452, 453, 454, 455, 458, 460, 461, 462, 463, 464, 465, 467, 468, 469, 470, 471, 472, 473, 474, 475, 476, 477, 478, 479, 480, 481, 482, 483, 484, 485, 487, 488, 491, 493, 495, 497, 498, 499, 500, 501, 502, 503, 504, 505, 506, 507, 508, 509, 511, 512, 513, 514, 516, 517, 518, 520, 521, 522, 523, 524, 525, 526, 528, 529, 530, 531, 532, 533, 535, 536, 538, 539, 540, 543, 544, 545, 546, 548, 549, 550, 551, 552, 555, 558, 559, 560, 561, 564, 565, 566, 568, 569, 570, 572, 573, 574, 575, 576, 577, 579, 580, 581, 582, 583, 586, 587, 588, 591, 592, 593, 602, 603, 604, 605, 606, 609, 610, 612, 613, 614, 615, 616, 619, 623, 624, 625, 627, 628, 629, 630, 632, 633, 634, 641, 642, 643, 644, 646, 647, 650, 651, 653, 654, 656, 657, 659, 662, 666, 667, 668, 669, 671, 673, 674, 675, 678, 679, 680, 685, 687, 688, 689, 691, 692, 697, 699, 706, 707, 708, 709, 710, 712, 713, 714, 715, 716, 717, 718, 719, 721, 723, 726, 730, 731, 733, 739, 740, 742, 744, 750, 751, 752, 753, 754, 756, 757, 758, 759, 760, 761, 762, 763, 764, 767, 768, 769, 776, 778, 780, 781, 782, 787, 792, 800, 801, 802, 804, 807, 808, 811, 812, 814, 815, 817, 818, 819, 820, 821, 824, 825, 827, 828, 829, 831, 834, 835, 836, 837, 840, 841, 846, 847, 850, 851, 852, 857, 858, 861, 864, 866, 867, 868, 874, 876, 879, 880, 881, 882, 889, 890, 893, 894, 899, 900, 902, 908, 909, 910, 913, 914, 915, 916, 917, 922, 926, 927, 930, 932, 933, 935, 936, 937, 939, 942, 943, 945, 946, 947, 948, 950, 951, 952, 953, 955, 956, 957, 958, 959, 960, 961, 962, 963, 966, 967, 968, 969, 970, 971, 974, 977, 979, 980, 981, 985, 987, 988, 990, 991, 992, 993, 995, 996, 999, 1000, 1001, 1002, 1003, 1004, 1008, 1009, 1010, 1012, 1014, 1015, 1016, 1017, 1019, 1021, 1022, 1023, 1024, 1025, 1026, 1027, 1028, 1031, 1032, 1033, 1034, 1035, 1036, 1037, 1038, 1039, 1040, 1041, 1044, 1045, 1046, 1047, 1048, 1049, 1050, 1051, 1052, 1053, 1054, 1057, 1058, 1059, 1061, 1063, 1064, 1065, 1066, 1067, 1068, 1069, 1070, 1072, 1073, 1074, 1075, 1076, 1077, 1082, 1085, 1094, 1096, 1097, 1099, 1100, 1101, 1102, 1103, 1104, 1105, 1106, 1108, 1109, 1110, 1111, 1112, 1118, 1119, 1121, 1122, 1125, 1126, 1127, 1128, 1129, 1130, 1131, 1132, 1133, 1135, 1136, 1139, 1140, 1141, 1142, 1143, 1144, 1145, 1146, 1147, 1148, 1149, 1150, 1151, 1154, 1155, 1156, 1157, 1160, 1161, 1162, 1164, 1165, 1166, 1167, 1168, 1169, 1170, 1171, 1172, 1174, 1175, 1176, 1178, 1179, 1180, 1185, 1189, 1190, 1192, 1193, 1194, 1196, 1198, 1199, 1201, 1202, 1205, 1207, 1208, 1209, 1210, 1211, 1215, 1216, 1217, 1218, 1219, 1220, 1223, 1225, 1226, 1227, 1228, 1229, 1232, 1234, 1235, 1237, 1240, 1241, 1242, 1243, 1245, 1246, 1247, 1251, 1255, 1256, 1260, 1262, 1266, 1267, 1268, 1271, 1272, 1275, 1276, 1277, 1278, 1279, 1280, 1281, 1282, 1284, 1286, 1287, 1288, 1289, 1290, 1291, 1292, 1293, 1294, 1296, 1297, 1298, 1299, 1300, 1301, 1307, 1308, 1309, 1310, 1311, 1312, 1313, 1314, 1315, 1316, 1322, 1323, 1326, 1332, 1333, 1334, 1337, 1338, 1339, 1340, 1341, 1342, 1343, 1344, 1348, 1349, 1350, 1351, 1352, 1354, 1355, 1356, 1357, 1358, 1359, 1360, 1364, 1374, 1375, 1376, 1379, 1380, 1383, 1385, 1386, 1387, 1388, 1389, 1390, 1391, 1392, 1393, 1394, 1396, 1397, 1398, 1399, 1401, 1402, 1403, 1409, 1410, 1411, 1412, 1413, 1414, 1415, 1416, 1419, 1420, 1421, 1424, 1426, 1429, 1430, 1431, 1432, 1433, 1434, 1435, 1436, 1437, 1438, 1439, 1440, 1441, 1442, 1444, 1447, 1449, 1450, 1451, 1452, 1453, 1457, 1458, 1459, 1460, 1461, 1462, 1463, 1464, 1465, 1467, 1468, 1469, 1471, 1472, 1474, 1475, 1476, 1478, 1479, 1480, 1481, 1482, 1483, 1484, 1485, 1489, 1490, 1491, 1493, 1495, 1496, 1497, 1500, 1501, 1502, 1503, 1506, 1508, 1509, 1510, 1515, 1516, 1517, 1518, 1519, 1520, 1521, 1522, 1523, 1524, 1525, 1526, 1527, 1528, 1531, 1533, 1535, 1536, 1537, 1538, 1539, 1540, 1541, 1542, 1545, 1546, 1548, 1549, 1551, 1552, 1553, 1554, 1559, 1560, 1561, 1562, 1566, 1568, 1571, 1577, 1582, 1583, 1584, 1587, 1591, 1593, 1597, 1600, 1601, 1602, 1603, 1608, 1610, 1612, 1614, 1615, 1618, 1619, 1623, 1625, 1626, 1628, 1629, 1632, 1633, 1634, 1635, 1636, 1638, 1639, 1640, 1641, 1643, 1646, 1647, 1648, 1649, 1650, 1652, 1653, 1654, 1657, 1658, 1659, 1662, 1664, 1665, 1666, 1667, 1668, 1669, 1672, 1673, 1678, 1679, 1680, 1690, 1693, 1694, 1695, 1696, 1697, 1698, 1702, 1703, 1712, 1713, 1714, 1718, 1719, 1720, 1724, 1726, 1727, 1730, 1731, 1732, 1733, 1734, 1735, 1743, 1744, 1748, 1749, 1752, 1753, 1754, 1755, 1756, 1757, 1765, 1771, 1779, 1780, 1781, 1782, 1784, 1785, 1786, 1787, 1790, 1792, 1793, 1794, 1797, 1799, 1800, 1801, 1802, 1804, 1805, 1807, 1808, 1809, 1810, 1811, 1814, 1816, 1817, 1818, 1820, 1821, 1822, 1823, 1824, 1827, 1828, 1829, 1830, 1833, 1835, 1838, 1839, 1840, 1844, 1845, 1846, 1847, 1849, 1851, 1852, 1853, 1854, 1855, 1856, 1859, 1862, 1865, 1868, 1870, 1874, 1876, 1877, 1878, 1879, 1880, 1881, 1883, 1884, 1887, 1888, 1889, 1890, 1891, 1893, 1896, 1898, 1899, 1901, 1902, 1903, 1904, 1905, 1909, 1911, 1915, 1916, 1917, 1919, 1920, 1924, 1925, 1926, 1927, 1928, 1929, 1930, 1931, 1934, 1935, 1937, 1938, 1940, 1941, 1944, 1945, 1946, 1958, 1959, 1960, 1961, 1962, 1963, 1965, 1966, 1967, 1970, 1971, 1972, 1973, 1974, 1976, 1977, 1978, 1981, 1985, 1986, 1987, 1989, 1990, 1991, 1992, 1997, 1998, 1999, 2000, 2002, 2003, 2004, 2005, 2007, 2008, 2012, 2013, 2015, 2018, 2020, 2021, 2022, 2025, 2026, 2027, 2028, 2030, 2032, 2034, 2035, 2036, 2040, 2042, 2043, 2044, 2045, 2046, 2048, 2052, 2053, 2054, 2055, 2057, 2058, 2064, 2067, 2068, 2072, 2073, 2074, 2080, 2082, 2083, 2086, 2087, 2091, 2093, 2095, 2096, 2100, 2103, 2104, 2105, 2108, 2110, 2113, 2114, 2116, 2117, 2118, 2120, 2121, 2123, 2124, 2125, 2126, 2127, 2128, 2129, 2138, 2143, 2145, 2146, 2147, 2148, 2151, 2152, 2154, 2155, 2156, 2158, 2159, 2161, 2162, 2163, 2164, 2166, 2169, 2170, 2171, 2176, 2177, 2180, 2181, 2182, 2183, 2185, 2187, 2188, 2189, 2190, 2191, 2192, 2193, 2194, 2195, 2196, 2201, 2203, 2204, 2206, 2207, 2208, 2210, 2212, 2213, 2214, 2215, 2218, 2224, 2230, 2231, 2235, 2236, 2237, 2238, 2240, 2241, 2242, 2243, 2245, 2247, 2248, 2249, 2253, 2254, 2258, 2259, 2261, 2264, 2265, 2268, 2270, 2271, 2272, 2273, 2274, 2275, 2278, 2282, 2284, 2285, 2286, 2290, 2292, 2294, 2295, 2296, 2297, 2299, 2301, 2302, 2304, 2305, 2309, 2315, 2318, 2319, 2322, 2325, 2328, 2331, 2332, 2334, 2336, 2337, 2338, 2340, 2341, 2343, 2344, 2346, 2347, 2348, 2349, 2351, 2352, 2353, 2354, 2357, 2359, 2363, 2364, 2365, 2367, 2368, 2371, 2372, 2373, 2374, 2377, 2380, 2383, 2385, 2388, 2389, 2390, 2391, 2392, 2394, 2395, 2396, 2397, 2399, 2400, 2402, 2407, 2408, 2411, 2412, 2414, 2415, 2418, 2420, 2424, 2425, 2426, 2427, 2430, 2437, 2438, 2439, 2441, 2443, 2444, 2445, 2446, 2447, 2448, 2449, 2451, 2453, 2454, 2455, 2456, 2459, 2461, 2464, 2467, 2472, 2473, 2476, 2477, 2479, 2480, 2481, 2482, 2485, 2488, 2491, 2492, 2494, 2496, 2497, 2499, 2501, 2503, 2504, 2505, 2508, 2512, 2513, 2514, 2515, 2516, 2519, 2522, 2526, 2530, 2531, 2535, 2537, 2540, 2541, 2542, 2544, 2546, 2547, 2548, 2549, 2552, 2553, 2554, 2555, 2556, 2559, 2560, 2561, 2562, 2563, 2564, 2565, 2566, 2573, 2574, 2576, 2580, 2584, 2587, 2588, 2589, 2593, 2594, 2595, 2597, 2598, 2600, 2601, 2603, 2605, 2606, 2607, 2608, 2609, 2610, 2611, 2616, 2618, 2619, 2620, 2621, 2622, 2623, 2629, 2630, 2631, 2632, 2633, 2634, 2637, 2638, 2641, 2643, 2644, 2645, 2649, 2650, 2653, 2654, 2657, 2658, 2660, 2662, 2666, 2668, 2674, 2676, 2679, 2680, 2685, 2686, 2687, 2690, 2692, 2693, 2694, 2698, 2699, 2700, 2701, 2703, 2704, 2705, 2706, 2707, 2708, 2709, 2711, 2712, 2713, 2715, 2716, 2717, 2719, 2720, 2722, 2723, 2724, 2725, 2728, 2729, 2730, 2732, 2733, 2735, 2737, 2738, 2740, 2741, 2742, 2743, 2744, 2745, 2746, 2747, 2748, 2749, 2750, 2751, 2752, 2753, 2755, 2756, 2758, 2759, 2760, 2761, 2762, 2763, 2764, 2765, 2766, 2767, 2768, 2769, 2770, 2771, 2772, 2773, 2775, 2776, 2777, 2778, 2782, 2784, 2785, 2786, 2787, 2788, 2789, 2790, 2793, 2796, 2797, 2798, 2799, 2800, 2802, 2804, 2805, 2806, 2807, 2808, 2809, 2810, 2811, 2812, 2813, 2814, 2815, 2816, 2818, 2819, 2820, 2822, 2823, 2824, 2825, 2826, 2827, 2828, 2829, 2833, 2834, 2835, 2836, 2837, 2839, 2840, 2842, 2843, 2844, 2848, 2849, 2850, 2851, 2852, 2853, 2854, 2855, 2856, 2857, 2858, 2859, 2860, 2861, 2862, 2863, 2865, 2866, 2867, 2868, 2869, 2870, 2871, 2872, 2873, 2874, 2876, 2877, 2878, 2879, 2880, 2881, 2882, 2883, 2884, 2885, 2887, 2888, 2889, 2890, 2891, 2892, 2893, 2895, 2896, 2899, 2900, 2903, 2904, 2905, 2907, 2908, 2909, 2910, 2911, 2914, 2917, 2918, 2920, 2921, 2923, 2924, 2926, 2927, 2928, 2930, 2933, 2934, 2935, 2936, 2937, 2940, 2941, 2943, 2945, 2947, 2948, 2949, 2954, 2955, 2956, 2957, 2958, 2959, 2960, 2961, 2962, 2963, 2964, 2965, 2967, 2968, 2969, 2970, 2971, 2972, 2976, 2980, 2981, 2982, 2983, 2984, 2987, 2990, 2991, 2993, 2994, 2996, 2998, 2999, 3000, 3003, 3004, 3005, 3006, 3011, 3012, 3013, 3014, 3015, 3017, 3019, 3020, 3021, 3022, 3023, 3026, 3029, 3030, 3033, 3034, 3035, 3036, 3038, 3039, 3041, 3042, 3043, 3045, 3048, 3049, 3050, 3052, 3053, 3054, 3055, 3056, 3057, 3058, 3059, 3061, 3062, 3063, 3064, 3065, 3066, 3067, 3068, 3069, 3070, 3071, 3072, 3073, 3074, 3077, 3078, 3081, 3082, 3083, 3085, 3089, 3091, 3092, 3093, 3094, 3095, 3096, 3100, 3101, 3105, 3106, 3108, 3109, 3110, 3111, 3113, 3114, 3115, 3116, 3117, 3118, 3119, 3120, 3121, 3122, 3124, 3125, 3126, 3129, 3131, 3132, 3133, 3134, 3135, 3136, 3137, 3138, 3140, 3141, 3142, 3143, 3144, 3145, 3146, 3147, 3148, 3149, 3151, 3152, 3153, 3154, 3155, 3156, 3157, 3158, 3159, 3160, 3161, 3163, 3164, 3166, 3167, 3171, 3172, 3174, 3177, 3179, 3180, 3182, 3183, 3184, 3187, 3188, 3189, 3191, 3195, 3196, 3197, 3198, 3199, 3201, 3207, 3208, 3211, 3212, 3213, 3217, 3218, 3219, 3220, 3222, 3223, 3224, 3226, 3227, 3228, 3229, 3230, 3231, 3232, 3233, 3234, 3235, 3237, 3238, 3239, 3240, 3242, 3243, 3244, 3246, 3247, 3248, 3249, 3250, 3251, 3252, 3253, 3254, 3256, 3257, 3258, 3259, 3260, 3261, 3262, 3263, 3264, 3265, 3267, 3268, 3269, 3270, 3271, 3272, 3273, 3274, 3276, 3279, 3280, 3283, 3284, 3286, 3287, 3288, 3289, 3290, 3291, 3292, 3294, 3297, 3298, 3300, 3301, 3304, 3306, 3307, 3308, 3309, 3310, 3313, 3314, 3315, 3316, 3317, 3318, 3319, 3321, 3322, 3323, 3325, 3326, 3327, 3329, 3330, 3331, 3334, 3336, 3337, 3338, 3342, 3343, 3344, 3345, 3347, 3348, 3349, 3353, 3354, 3355, 3356, 3357, 3358, 3359, 3360, 3361, 3362, 3364, 3365, 3366, 3367, 3368, 3369, 3371, 3372, 3373, 3374, 3375, 3377, 3378, 3379, 3380, 3381, 3382, 3383, 3384, 3385, 3386, 3387, 3388, 3392, 3393, 3396, 3397, 3398, 3402, 3404, 3405, 3406, 3407, 3408, 3413, 3414, 3415, 3416, 3417, 3418, 3419, 3420, 3421, 3422, 3423, 3424, 3425, 3426, 3427]
The 3th cluster is
number of docs :570
The centroid is : 841 5186 6659 89 1666 3005 2031 4735 5185 6296 1664 2030 4632 5891 3858 4442 2640 4941 5552 4627 879 3420 5896 6837 4494 2703 4761 4635 5386 4205 3534 6662 4497 6903 3998 4942 4093 6078 4143 4196 6689 2000 847 6661 3317 1655 3498 6150 3282 2719 6454 1580 2756 3757 987 2403 3472 6660 2032 6757 6284 989 2227 4116 5840 116 1467 6423 894 5960 1334 1403 1516 1317 2492 4804 5487 5528 5955 40 990 1850 2215 2965 3458 3616 5049 5461 5545 5914 6543 88 992 1250 3916 4914 3889 391 2582 3671 5122 6714 3350 225 527 652 678 735 737 738 848 866 869 1030 1495 1951 1958 2093 2318 3002 3012 3060 3665 3821 3903 3912 3923 3976 4004 4149 4285 4340 4417 4451 4546 4686 4945 5187 5256 5890 6067 6361 6562 6584 6636 238 2013 893 2533 5435 1553 2654 208 3446 2082 1028 5442 6597 6721 4194 5883 5721 2975 4020 6572 4634 3299 5244 3676 4247 4908 621 6785 6767 3902 6061 644 3310 3936 4736 3507 6319 2716 4738 3754 2275 1663 6761 1433 6880 5167 4579 3070 4874 6299 
[18, 36, 40, 43, 44, 47, 53, 66, 77, 94, 109, 111, 112, 128, 130, 135, 144, 158, 164, 166, 167, 181, 189, 197, 202, 207, 216, 221, 222, 228, 239, 250, 270, 277, 279, 280, 282, 289, 296, 299, 306, 315, 336, 337, 340, 351, 354, 356, 362, 363, 366, 367, 374, 378, 384, 417, 423, 431, 437, 456, 492, 496, 510, 537, 547, 554, 563, 567, 585, 590, 594, 597, 598, 607, 608, 621, 631, 636, 638, 648, 665, 672, 676, 677, 683, 684, 693, 695, 698, 702, 720, 724, 725, 727, 728, 732, 734, 736, 738, 741, 743, 746, 748, 771, 777, 779, 788, 791, 793, 797, 803, 822, 823, 826, 856, 863, 865, 877, 885, 886, 887, 892, 895, 898, 911, 912, 920, 921, 923, 924, 928, 929, 931, 934, 941, 944, 949, 982, 986, 997, 1042, 1043, 1079, 1081, 1084, 1087, 1089, 1092, 1093, 1120, 1137, 1138, 1152, 1153, 1177, 1181, 1182, 1184, 1186, 1188, 1191, 1195, 1200, 1203, 1212, 1224, 1231, 1238, 1249, 1252, 1253, 1254, 1261, 1264, 1270, 1285, 1303, 1304, 1305, 1317, 1327, 1328, 1329, 1335, 1336, 1346, 1362, 1365, 1368, 1369, 1373, 1395, 1400, 1404, 1407, 1443, 1445, 1455, 1473, 1477, 1487, 1488, 1499, 1505, 1511, 1514, 1532, 1543, 1544, 1550, 1556, 1557, 1569, 1570, 1576, 1578, 1579, 1580, 1581, 1585, 1586, 1592, 1595, 1596, 1604, 1605, 1606, 1607, 1609, 1613, 1617, 1622, 1624, 1627, 1630, 1631, 1637, 1644, 1651, 1661, 1674, 1677, 1684, 1687, 1688, 1701, 1708, 1715, 1717, 1729, 1736, 1738, 1739, 1740, 1746, 1760, 1763, 1766, 1767, 1772, 1775, 1778, 1783, 1788, 1796, 1803, 1813, 1815, 1825, 1831, 1836, 1837, 1848, 1850, 1857, 1858, 1863, 1869, 1871, 1872, 1873, 1875, 1882, 1885, 1892, 1895, 1907, 1908, 1913, 1914, 1918, 1921, 1922, 1923, 1942, 1943, 1949, 1951, 1954, 1955, 1969, 1975, 1988, 1994, 1995, 1996, 2006, 2010, 2019, 2023, 2024, 2033, 2037, 2041, 2047, 2051, 2059, 2065, 2066, 2070, 2075, 2081, 2084, 2085, 2092, 2097, 2098, 2099, 2101, 2102, 2107, 2112, 2115, 2119, 2131, 2137, 2140, 2142, 2150, 2160, 2174, 2175, 2179, 2184, 2186, 2197, 2198, 2199, 2200, 2211, 2219, 2221, 2223, 2225, 2229, 2234, 2239, 2244, 2246, 2255, 2256, 2257, 2263, 2267, 2277, 2281, 2287, 2288, 2289, 2291, 2300, 2303, 2312, 2313, 2314, 2317, 2323, 2324, 2326, 2327, 2329, 2330, 2333, 2339, 2342, 2350, 2361, 2362, 2366, 2375, 2376, 2381, 2386, 2387, 2393, 2398, 2401, 2403, 2404, 2405, 2410, 2413, 2417, 2422, 2428, 2429, 2432, 2436, 2440, 2442, 2450, 2458, 2462, 2463, 2468, 2471, 2475, 2483, 2486, 2490, 2498, 2500, 2506, 2507, 2509, 2520, 2521, 2532, 2533, 2534, 2539, 2543, 2545, 2550, 2557, 2558, 2568, 2570, 2571, 2572, 2578, 2579, 2581, 2583, 2590, 2602, 2613, 2614, 2624, 2625, 2626, 2627, 2628, 2636, 2639, 2640, 2648, 2651, 2652, 2655, 2656, 2659, 2661, 2671, 2672, 2673, 2675, 2678, 2682, 2683, 2684, 2695, 2696, 2697, 2714, 2718, 2726, 2731, 2736, 2739, 2754, 2757, 2774, 2783, 2791, 2801, 2817, 2821, 2838, 2846, 2847, 2864, 2886, 2897, 2906, 2929, 2931, 2950, 2951, 2966, 2973, 2974, 2975, 2979, 2989, 2992, 2997, 3002, 3010, 3024, 3025, 3031, 3032, 3037, 3040, 3051, 3060, 3075, 3076, 3079, 3080, 3086, 3087, 3088, 3090, 3097, 3098, 3102, 3103, 3104, 3107, 3112, 3127, 3162, 3165, 3168, 3176, 3178, 3185, 3190, 3204, 3206, 3209, 3215, 3221, 3225, 3236, 3241, 3245, 3266, 3275, 3277, 3293, 3299, 3302, 3303, 3305, 3328, 3333, 3335, 3339, 3340, 3350, 3370, 3390, 3400, 3403, 3412, 3428, 3429]
