The 0th cluster is
number of docs :1
The centroid is : 235 463 486 634 668 809 810 1000 1105 1106 1116 1408 1517 1528 1686 1973 2030 2041 2046 2144 2202 2348 2362 2409 2437 2438 2543 2605 2640 2805 3070 3231 3308 3346 3385 3519 3561 3636 3693 3896 3899 3981 4394 4451 4494 4581 4715 4786 4852 5234 5397 5513 5657 5838 5956 5961 6004 6561 6837 6894 
[143]
The 1th cluster is
number of docs :28
The centroid is : 3282 3283 4623 5765 6689 238 375 444 1433 2494 2640 3695 4874 6421 6854 240 441 2422 2498 2716 3435 3850 3929 4093 6644 504 1740 3858 3883 4264 4494 4738 5173 5993 339 939 1140 2176 2386 2994 3170 4143 4625 5534 5972 6204 6296 6299 6621 6701 6705 6822 89 841 1088 1367 1518 1571 1575 1912 2082 2304 2743 3284 3310 4155 4236 4908 5213 6564 338 6319 175 237 5469 847 1090 1106 1664 1747 2383 2492 3295 3538 3651 3806 4205 4735 6343 6861 213 4627 6061 382 644 973 1152 3123 3214 3285 3424 3750 3774 3902 4293 4754 5902 6224 6520 971 1086 2815 3005 3390 4685 4926 5575 5686 5792 6741 6767 369 500 1091 1093 1180 1348 1468 1538 1585 1715 1972 2031 2352 2482 3584 3677 4005 4231 4452 4492 4570 4585 4592 5025 5561 5629 6052 6844 699 908 1990 2632 2879 3600 3660 3789 4204 4247 4646 4957 5062 5435 5582 5896 6062 6606 6659 6887 541 793 905 1084 2181 2873 2944 4259 5408 5409 5794 5843 267 580 849 1000 1980 2021 2308 2522 2838 2886 3036 3116 3212 3344 3519 3676 3687 3692 3940 5036 5260 5336 5877 6078 6338 6374 6378 6451 6742 6760 6761 6785 6867 150 329 1290 1586 1845 2218 2240 3238 3437 4063 4248 4262 4808 4824 5020 5525 5583 5891 6064 373 376 555 583 901 1038 1078 1188 1208 1239 1496 2095 2275 3096 3175 4017 4194 4521 5691 5738 5987 6041 6085 6223 6226 6265 6732 90 307 1666 2543 2756 2762 3192 3219 3346 3442 3507 3536 3995 4014 4092 4644 4811 5326 6151 6333 6884 61 1338 2390 2409 2881 4146 5167 5565 870 1770 2309 4013 4742 5017 5706 6170 6883 342 1042 1940 2329 3177 3350 3627 4230 5168 5905 6837 72 1971 2016 2270 2825 3070 3776 5257 5909 1257 1978 2015 2202 2559 2874 2919 3100 3164 3254 3967 4035 4318 4413 4726 4865 6522 
[512, 659, 679, 810, 812, 904, 1283, 1302, 1317, 1344, 1359, 1424, 1520, 1711, 1791, 1810, 2082, 2151, 2351, 2454, 2525, 2557, 2594, 2671, 2781, 2973, 3116, 3374]
The 2th cluster is
number of docs :836
The centroid is : 2640 3420 841 6296 6689 4632 3350 3282 4494 338 1666 1664 2030 5186 3858 4635 89 3005 5552 4735 847 4761 3534 3422 2013 5896 4627 4196 1580 4942 4093 5891 879 1096 5244 1655 4205 4247 5185 1433 238 2719 4143 4442 644 3902 2000 6828 6659 3507 5167 6299 6662 3929 4736 5386 6661 6061 2654 893 5571 6660 2756 
[2, 6, 7, 8, 13, 27, 31, 62, 63, 65, 71, 72, 73, 82, 84, 87, 88, 98, 101, 102, 119, 123, 127, 145, 146, 148, 149, 150, 167, 168, 172, 173, 174, 188, 192, 199, 200, 205, 206, 208, 209, 213, 214, 217, 218, 225, 226, 227, 228, 236, 238, 241, 245, 247, 248, 256, 265, 266, 267, 274, 280, 285, 287, 303, 308, 320, 322, 323, 327, 328, 329, 330, 337, 338, 339, 340, 350, 359, 360, 364, 370, 371, 379, 380, 381, 386, 387, 391, 403, 405, 406, 410, 411, 419, 425, 426, 429, 432, 433, 447, 448, 454, 455, 460, 461, 463, 464, 465, 468, 472, 473, 478, 479, 483, 484, 491, 498, 499, 502, 503, 504, 509, 517, 520, 523, 528, 536, 537, 543, 546, 550, 555, 563, 569, 573, 574, 577, 579, 616, 621, 625, 628, 633, 643, 644, 646, 647, 654, 657, 678, 687, 689, 692, 713, 714, 715, 730, 741, 753, 760, 763, 776, 800, 801, 802, 804, 818, 819, 821, 824, 829, 831, 834, 835, 836, 846, 847, 851, 852, 864, 865, 868, 870, 880, 882, 886, 893, 915, 916, 927, 929, 932, 945, 947, 948, 951, 954, 956, 958, 959, 962, 967, 968, 969, 970, 972, 977, 979, 980, 982, 985, 991, 993, 1000, 1001, 1004, 1008, 1009, 1012, 1014, 1015, 1016, 1021, 1024, 1031, 1032, 1033, 1035, 1036, 1038, 1044, 1045, 1046, 1048, 1049, 1050, 1053, 1054, 1059, 1061, 1064, 1065, 1069, 1071, 1072, 1073, 1075, 1081, 1094, 1097, 1099, 1100, 1101, 1102, 1103, 1104, 1106, 1109, 1110, 1111, 1114, 1118, 1131, 1132, 1133, 1139, 1141, 1142, 1143, 1144, 1145, 1146, 1147, 1148, 1149, 1151, 1155, 1156, 1160, 1161, 1164, 1172, 1175, 1176, 1190, 1192, 1195, 1196, 1199, 1200, 1201, 1202, 1208, 1215, 1218, 1220, 1226, 1227, 1228, 1229, 1232, 1235, 1240, 1245, 1251, 1256, 1260, 1267, 1268, 1271, 1277, 1278, 1279, 1280, 1282, 1290, 1291, 1292, 1293, 1298, 1300, 1301, 1309, 1315, 1322, 1323, 1338, 1340, 1343, 1347, 1348, 1351, 1352, 1355, 1356, 1357, 1360, 1374, 1375, 1376, 1385, 1386, 1388, 1389, 1390, 1391, 1392, 1399, 1409, 1411, 1412, 1414, 1429, 1430, 1431, 1433, 1434, 1435, 1436, 1437, 1438, 1440, 1442, 1451, 1452, 1453, 1457, 1459, 1460, 1461, 1462, 1472, 1476, 1480, 1481, 1484, 1490, 1493, 1497, 1501, 1508, 1515, 1521, 1522, 1533, 1537, 1538, 1545, 1551, 1559, 1571, 1577, 1578, 1579, 1582, 1583, 1584, 1597, 1601, 1610, 1612, 1614, 1627, 1629, 1639, 1650, 1652, 1653, 1664, 1668, 1669, 1688, 1693, 1697, 1702, 1712, 1713, 1714, 1717, 1724, 1726, 1730, 1731, 1744, 1751, 1752, 1754, 1755, 1756, 1780, 1784, 1785, 1786, 1787, 1793, 1797, 1801, 1802, 1811, 1817, 1837, 1839, 1840, 1846, 1852, 1853, 1854, 1855, 1870, 1871, 1876, 1884, 1888, 1890, 1891, 1904, 1907, 1909, 1915, 1917, 1927, 1928, 1930, 1937, 1954, 1960, 1965, 1972, 1974, 1976, 1985, 1989, 1991, 1997, 2004, 2006, 2012, 2013, 2027, 2030, 2034, 2036, 2037, 2040, 2042, 2045, 2047, 2053, 2055, 2074, 2079, 2081, 2085, 2097, 2100, 2113, 2116, 2128, 2143, 2148, 2156, 2170, 2176, 2177, 2180, 2182, 2183, 2185, 2187, 2188, 2189, 2190, 2201, 2206, 2208, 2210, 2211, 2215, 2221, 2224, 2231, 2235, 2241, 2242, 2249, 2251, 2259, 2264, 2270, 2271, 2274, 2275, 2277, 2282, 2284, 2285, 2290, 2297, 2305, 2309, 2319, 2322, 2325, 2331, 2336, 2346, 2347, 2350, 2357, 2359, 2370, 2371, 2372, 2376, 2380, 2383, 2387, 2388, 2390, 2391, 2392, 2397, 2398, 2399, 2415, 2418, 2424, 2426, 2427, 2430, 2439, 2443, 2445, 2451, 2453, 2460, 2461, 2469, 2470, 2473, 2476, 2477, 2503, 2505, 2514, 2516, 2519, 2523, 2530, 2540, 2544, 2556, 2559, 2560, 2565, 2579, 2589, 2593, 2595, 2600, 2603, 2605, 2610, 2618, 2619, 2620, 2621, 2629, 2631, 2632, 2634, 2638, 2639, 2641, 2643, 2645, 2649, 2658, 2663, 2666, 2669, 2672, 2674, 2681, 2690, 2693, 2694, 2700, 2704, 2708, 2712, 2713, 2715, 2720, 2725, 2728, 2729, 2730, 2733, 2737, 2738, 2740, 2744, 2745, 2747, 2748, 2752, 2756, 2761, 2762, 2765, 2767, 2772, 2778, 2782, 2785, 2787, 2788, 2789, 2798, 2799, 2803, 2804, 2805, 2808, 2811, 2812, 2814, 2815, 2816, 2818, 2819, 2820, 2824, 2826, 2842, 2850, 2859, 2860, 2861, 2862, 2872, 2876, 2878, 2880, 2881, 2882, 2887, 2889, 2890, 2891, 2900, 2904, 2905, 2909, 2910, 2923, 2928, 2929, 2940, 2941, 2945, 2957, 2958, 2959, 2969, 2980, 2984, 2987, 2988, 2998, 3000, 3005, 3013, 3014, 3020, 3021, 3033, 3034, 3036, 3038, 3039, 3042, 3059, 3060, 3062, 3063, 3064, 3067, 3070, 3071, 3075, 3077, 3081, 3091, 3092, 3093, 3097, 3098, 3103, 3106, 3109, 3111, 3117, 3121, 3123, 3125, 3126, 3132, 3136, 3138, 3141, 3145, 3146, 3147, 3157, 3159, 3161, 3163, 3164, 3166, 3172, 3174, 3184, 3187, 3188, 3191, 3199, 3207, 3208, 3211, 3212, 3218, 3219, 3221, 3223, 3229, 3232, 3234, 3237, 3240, 3245, 3247, 3248, 3249, 3251, 3256, 3257, 3258, 3260, 3262, 3263, 3264, 3266, 3267, 3268, 3273, 3274, 3275, 3280, 3283, 3286, 3287, 3292, 3294, 3304, 3307, 3309, 3310, 3314, 3317, 3322, 3326, 3347, 3348, 3349, 3354, 3356, 3358, 3359, 3368, 3369, 3379, 3382, 3385, 3387, 3398, 3405, 3408, 3413, 3417, 3418, 3419, 3424, 3426, 3427]
The 3th cluster is
number of docs :437
The centroid is : 841 4735 6689 89 3282 2640 6881 6880 4494 847 463 238 3420 338 3005 6296 4093 5896 6767 3929 3350 4627 1433 2030 2654 2716 3858 1664 879 6521 5186 4264 5167 4143 4908 2275 1666 4738 644 3902 5534 6061 4632 5891 6705 5185 3676 4247 1031 2082 4258 3936 4874 4736 397 6299 2356 3344 4452 240 3283 4926 4625 1296 6421 3123 5017 4497 6224 1630 3558 4585 6333 237 2703 441 4761 5051 4442 2758 
[1, 9, 11, 17, 18, 19, 37, 38, 39, 41, 44, 46, 48, 49, 53, 74, 81, 106, 107, 108, 111, 116, 117, 118, 120, 122, 134, 136, 144, 147, 152, 153, 154, 155, 156, 160, 164, 166, 186, 191, 195, 198, 221, 234, 249, 270, 296, 300, 341, 349, 367, 385, 390, 395, 418, 423, 428, 437, 438, 444, 456, 467, 495, 501, 506, 518, 519, 535, 567, 568, 570, 583, 609, 617, 631, 634, 645, 650, 669, 680, 682, 696, 708, 725, 731, 740, 750, 751, 779, 783, 788, 811, 815, 816, 817, 826, 827, 828, 832, 866, 867, 877, 897, 902, 909, 910, 914, 921, 922, 923, 928, 936, 942, 943, 949, 950, 953, 994, 999, 1005, 1007, 1011, 1013, 1017, 1023, 1028, 1029, 1030, 1041, 1051, 1057, 1058, 1060, 1066, 1098, 1105, 1123, 1125, 1127, 1128, 1129, 1134, 1135, 1153, 1162, 1169, 1171, 1177, 1178, 1186, 1194, 1198, 1210, 1212, 1217, 1222, 1223, 1224, 1231, 1244, 1246, 1253, 1254, 1258, 1261, 1263, 1269, 1270, 1272, 1275, 1284, 1299, 1305, 1310, 1311, 1312, 1313, 1318, 1319, 1325, 1329, 1330, 1334, 1342, 1345, 1371, 1377, 1379, 1380, 1394, 1410, 1416, 1419, 1420, 1426, 1449, 1482, 1491, 1496, 1500, 1505, 1527, 1535, 1536, 1539, 1549, 1554, 1560, 1567, 1572, 1576, 1591, 1603, 1616, 1632, 1641, 1656, 1684, 1690, 1696, 1709, 1738, 1792, 1805, 1806, 1812, 1835, 1908, 1922, 1925, 1926, 1961, 2025, 2033, 2039, 2046, 2048, 2049, 2050, 2065, 2066, 2069, 2070, 2072, 2101, 2110, 2112, 2115, 2117, 2118, 2127, 2129, 2135, 2146, 2152, 2155, 2161, 2162, 2165, 2166, 2175, 2181, 2191, 2192, 2195, 2196, 2204, 2222, 2238, 2256, 2258, 2273, 2276, 2278, 2281, 2312, 2313, 2314, 2328, 2329, 2342, 2343, 2361, 2366, 2367, 2368, 2389, 2396, 2406, 2407, 2408, 2437, 2448, 2449, 2455, 2487, 2488, 2490, 2491, 2499, 2500, 2507, 2513, 2522, 2524, 2531, 2536, 2537, 2546, 2551, 2562, 2564, 2580, 2586, 2597, 2606, 2607, 2614, 2615, 2623, 2624, 2626, 2642, 2651, 2661, 2680, 2685, 2692, 2705, 2714, 2734, 2736, 2739, 2749, 2758, 2759, 2764, 2766, 2768, 2769, 2783, 2806, 2817, 2822, 2825, 2827, 2828, 2829, 2834, 2835, 2839, 2853, 2854, 2855, 2867, 2893, 2899, 2907, 2908, 2912, 2943, 2949, 2956, 2962, 2966, 2967, 2970, 2981, 3011, 3015, 3016, 3026, 3043, 3044, 3045, 3072, 3073, 3094, 3101, 3102, 3115, 3137, 3143, 3158, 3181, 3182, 3183, 3200, 3215, 3230, 3231, 3238, 3246, 3270, 3272, 3276, 3284, 3285, 3298, 3299, 3303, 3305, 3308, 3315, 3318, 3319, 3325, 3328, 3329, 3333, 3334, 3335, 3336, 3337, 3338, 3341, 3345, 3352, 3360, 3362, 3367, 3371, 3372, 3375, 3380, 3383, 3384, 3396, 3397, 3400, 3407, 3410, 3415, 3416, 3420, 3423, 3425]
The 4th cluster is
number of docs :40
The centroid is : 40 88 116 225 391 652 678 735 737 738 841 848 866 869 987 989 990 992 1030 1123 1135 1317 1334 1423 1467 1516 1655 1664 1666 1776 1850 1951 1958 2000 2030 2032 2093 2227 2300 2318 2582 2627 2640 2719 2756 2965 3005 3012 3394 3405 3420 3458 3472 3534 3616 3665 3671 3821 3858 3889 3903 3912 3916 4004 4116 4149 4196 4285 4340 4417 4451 4546 4569 4632 4635 4686 4761 4804 4894 4914 4942 4945 5049 5186 5187 5269 5487 5528 5545 5552 5840 5890 5914 5943 5955 5960 6067 6284 6423 6454 6543 6562 6584 6636 6660 6661 6689 6714 6757 6874 6903 338 527 1250 1403 1495 2215 2403 3002 3060 3498 3757 3976 4627 5122 5386 5461 6150 6361 6837 89 3282 5896 4494 5574 3774 444 4093 6767 2352 208 3446 5256 6061 6824 6521 6659 4442 5891 1028 2533 3070 5435 5442 6597 6721 2759 4143 5244 2492 2975 3123 3923 4020 4264 5802 5883 1553 1580 5721 6572 1593 5885 4497 4735 3344 5120 1024 4736 4865 6834 1096 1980 2013 4194 5613 6785 3295 3649 3676 6261 500 6333 6884 3444 5835 822 2144 4552 5448 6881 6711 3310 4247 4311 
[858, 1170, 1182, 1207, 1219, 1264, 1316, 1327, 1339, 1432, 1458, 1471, 1506, 1566, 1593, 1604, 1657, 1680, 1703, 1740, 1772, 1781, 2015, 2092, 2150, 2174, 2199, 2234, 2267, 2327, 2362, 2375, 2410, 2422, 2475, 2486, 2646, 2659, 2673, 2838]
The 5th cluster is
number of docs :54
The centroid is : 3384 6689 6078 841 1666 6761 89 3282 5185 644 3902 5186 6881 4494 2654 4735 3929 4264 6061 2021 2082 5896 6521 4627 4632 4143 4874 240 338 2576 4185 2716 213 847 1296 1740 2030 1664 5891 3874 5009 6421 6081 2543 3005 3350 6705 4442 5299 879 5135 500 1980 3260 6844 2640 3752 3827 4204 5552 6659 4194 871 1580 3534 3507 6170 6296 6448 6745 2494 1433 2356 5143 5167 1587 
[215, 216, 219, 271, 278, 291, 306, 335, 336, 348, 356, 366, 383, 394, 396, 402, 452, 476, 477, 496, 497, 582, 610, 764, 986, 987, 1006, 1052, 1108, 1183, 1242, 1247, 1296, 1297, 1407, 1479, 1633, 1807, 1966, 2084, 2105, 2114, 2236, 2287, 2301, 2332, 2352, 2365, 2463, 2464, 2494, 2497, 2585, 3051]
The 6th cluster is
number of docs :432
The centroid is : 463 2031 3005 5552 841 5891 5185 1664 5186 1666 6880 4941 2703 4442 2640 879 2030 4942 3420 5517 4093 3350 4761 4632 893 5386 89 6296 3998 4494 5896 4143 4627 4635 6785 5792 4735 1837 4196 4247 6767 6689 894 1296 1433 3282 1663 5167 5156 4205 1674 4497 3858 6319 6333 5244 847 5571 6705 238 3534 
[10, 14, 20, 21, 22, 28, 29, 30, 33, 34, 36, 43, 47, 52, 55, 56, 57, 60, 64, 67, 68, 70, 78, 79, 83, 89, 91, 92, 96, 97, 99, 109, 112, 114, 115, 121, 124, 125, 128, 130, 131, 133, 139, 140, 159, 162, 165, 169, 176, 179, 189, 196, 211, 223, 243, 244, 251, 279, 283, 289, 297, 299, 309, 310, 312, 314, 318, 345, 347, 351, 352, 355, 368, 372, 389, 392, 407, 420, 435, 439, 440, 441, 459, 487, 494, 538, 541, 547, 576, 599, 602, 635, 636, 639, 640, 649, 660, 661, 690, 691, 704, 712, 718, 719, 723, 728, 729, 742, 746, 747, 765, 766, 771, 772, 773, 774, 775, 777, 785, 786, 793, 795, 796, 797, 798, 799, 807, 809, 813, 822, 823, 833, 840, 841, 843, 844, 845, 857, 860, 869, 873, 883, 884, 887, 892, 895, 905, 906, 925, 935, 955, 964, 965, 975, 976, 983, 1002, 1003, 1020, 1025, 1074, 1083, 1088, 1089, 1090, 1091, 1093, 1095, 1113, 1117, 1130, 1136, 1140, 1158, 1173, 1213, 1214, 1239, 1249, 1259, 1265, 1266, 1276, 1287, 1324, 1346, 1354, 1363, 1364, 1369, 1370, 1373, 1381, 1418, 1423, 1439, 1444, 1446, 1447, 1456, 1464, 1465, 1466, 1468, 1477, 1478, 1486, 1492, 1494, 1495, 1498, 1504, 1511, 1512, 1513, 1514, 1528, 1530, 1531, 1532, 1540, 1543, 1547, 1561, 1562, 1563, 1569, 1573, 1574, 1588, 1595, 1599, 1602, 1607, 1618, 1621, 1622, 1654, 1658, 1659, 1670, 1671, 1675, 1676, 1681, 1682, 1685, 1687, 1691, 1692, 1699, 1700, 1704, 1727, 1728, 1741, 1742, 1747, 1750, 1758, 1759, 1761, 1764, 1768, 1769, 1773, 1774, 1776, 1789, 1790, 1798, 1820, 1821, 1831, 1834, 1838, 1841, 1842, 1843, 1845, 1867, 1882, 1892, 1912, 1952, 1956, 1992, 2009, 2017, 2056, 2062, 2078, 2093, 2134, 2136, 2137, 2142, 2157, 2168, 2173, 2178, 2179, 2202, 2203, 2216, 2217, 2220, 2226, 2228, 2229, 2232, 2233, 2239, 2288, 2307, 2310, 2311, 2324, 2341, 2356, 2364, 2374, 2382, 2423, 2434, 2462, 2465, 2466, 2484, 2495, 2501, 2506, 2518, 2528, 2529, 2542, 2554, 2555, 2563, 2647, 2657, 2660, 2667, 2670, 2686, 2688, 2691, 2695, 2701, 2709, 2710, 2727, 2780, 2791, 2792, 2832, 2841, 2892, 2894, 2898, 2913, 2915, 2916, 2917, 2920, 2922, 2924, 2925, 2927, 2930, 2934, 2939, 2954, 2955, 2963, 2979, 2985, 2986, 2992, 3002, 3008, 3009, 3018, 3019, 3024, 3027, 3031, 3032, 3037, 3047, 3057, 3084, 3099, 3112, 3128, 3130, 3168, 3170, 3185, 3192, 3193, 3195, 3202, 3203, 3204, 3205, 3214, 3216, 3244, 3281, 3293, 3295, 3296, 3311, 3313, 3320, 3321, 3332, 3340, 3346, 3351, 3355, 3363, 3366, 3376, 3386, 3389, 3394, 3395, 3409, 3429, 3430]
The 7th cluster is
number of docs :30
The centroid is : 841 4494 6296 89 3283 4258 238 2522 3282 5952 6689 6745 504 1755 5167 5534 1124 4627 5256 6844 338 1296 1433 5009 6333 339 1154 2716 3474 3613 3929 3933 3946 4264 90 1199 2492 2678 3310 5691 5788 4785 2907 3536 387 444 847 971 1031 1097 1106 1217 2498 2832 2919 3005 3243 3301 3754 3774 4093 4143 4492 4579 4735 4862 5143 5286 5408 5706 6299 6887 23 220 379 626 1585 2794 3219 3477 3649 3874 4623 4625 4737 4756 5017 6223 6438 6881 621 644 707 1316 2409 2834 3047 3123 3676 3902 4413 4452 5012 5146 5485 6645 6767 9 1575 2352 3018 5020 254 1367 3991 4095 4874 5200 5582 5896 5951 6151 6204 6521 6732 6822 1898 2022 2356 3442 4395 4442 4631 5810 6705 307 620 1740 1996 2422 2494 3344 3435 3753 3998 4632 4908 6061 6813 1664 1666 2021 4005 6352 6866 1000 2943 3317 4185 6757 6891 175 397 500 1024 1662 1988 2576 3004 3070 3238 3284 3374 3399 3696 3827 3883 4035 4470 5135 5283 5765 6421 441 939 1186 1571 1747 3096 3295 3896 4236 4738 5695 5828 6150 6219 6225 6226 6252 6369 6434 76 240 2554 3036 3776 4194 4669 4685 4926 4930 5525 5805 6062 6318 6527 6819 2308 2629 3170 3239 3870 3995 4674 4761 6736 634 1439 1980 622 1042 1350 1414 1520 2383 2404 2478 2654 2703 3003 3350 3434 3506 3605 3917 3938 4570 5185 5186 5552 6182 6319 49 77 893 1443 2479 3519 4749 4791 5891 6148 6282 6616 237 1623 4155 5571 6224 
[273, 344, 830, 885, 971, 981, 1174, 1193, 1225, 1243, 1274, 1281, 1405, 1408, 1548, 1642, 1663, 1757, 1775, 2041, 2060, 2089, 2318, 2512, 2515, 2526, 2754, 2974, 3171, 3173]
The 8th cluster is
number of docs :0
The centroid is : 
[]
The 9th cluster is
number of docs :1534
The centroid is : 841 2640 3420 1664 3858 5186 879 4632 1666 2030 3005 3389 5552 4494 6659 4941 6785 6689 4635 2031 5185 6296 4143 4735 6662 5891 3282 3350 4627 6078 4196 4442 3534 4761 5896 89 4093 847 893 4942 4497 2703 3998 2000 894 238 4205 1655 6661 6664 116 5386 6660 2719 4116 2032 987 3299 6881 1433 2275 1580 6284 2013 989 5840 3317 1467 2227 4736 6880 3472 4579 6767 3422 6319 1516 5960 6299 5244 1334 3696 3276 4634 2838 3936 2756 4874 5017 990 3458 5487 6333 1663 3676 4194 5545 40 5914 992 6837 4631 5987 2654 1980 1096 4908 3754 3070 2965 3096 5528 3123 6828 5955 2582 5049 6543 4738 5167 1850 3665 3310 3916 3671 4546 2318 3889 3903 4340 4451 4686 6714 2082 2907 3507 88 225 391 735 737 738 848 866 869 1951 2093 3757 4004 4149 4285 4945 5187 5890 6067 6562 6584 4247 621 1124 237 5025 6745 644 3902 6705 1106 6423 6061 3295 4452 3849 870 4258 6760 6824 4204 3827 3506 4926 2021 3558 5659 240 6618 6663 2522 3750 4268 3301 2758 3752 2492 4073 2716 3580 4589 500 3897 3344 4185 3660 2403 1000 1587 5009 1079 4804 5571 1084 883 5764 1374 5555 6252 1311 6711 5909 3695 1030 4155 2215 1837 2409 5944 4264 691 4858 1064 5173 6887 
[3, 4, 5, 12, 15, 16, 23, 24, 25, 26, 32, 35, 40, 42, 45, 50, 51, 54, 58, 59, 61, 66, 69, 75, 76, 77, 80, 85, 86, 90, 93, 94, 95, 100, 103, 104, 105, 110, 113, 126, 129, 132, 135, 137, 138, 141, 142, 151, 157, 158, 161, 163, 170, 171, 175, 180, 181, 182, 183, 184, 185, 187, 190, 193, 194, 197, 201, 202, 203, 204, 207, 210, 212, 220, 222, 224, 229, 230, 231, 232, 233, 235, 237, 239, 240, 242, 246, 250, 252, 253, 257, 258, 259, 260, 261, 262, 263, 264, 268, 269, 272, 275, 276, 277, 281, 282, 284, 286, 288, 290, 292, 293, 294, 295, 298, 301, 302, 304, 305, 311, 313, 315, 316, 317, 319, 321, 324, 325, 326, 331, 332, 333, 334, 342, 343, 346, 353, 354, 357, 358, 361, 362, 363, 365, 369, 373, 374, 375, 376, 377, 378, 382, 384, 388, 393, 397, 398, 399, 400, 401, 404, 408, 409, 412, 413, 414, 415, 416, 417, 421, 422, 424, 427, 430, 431, 434, 436, 442, 443, 445, 446, 449, 450, 451, 453, 457, 458, 462, 466, 469, 470, 471, 474, 475, 480, 481, 482, 485, 486, 488, 489, 490, 492, 493, 500, 505, 507, 508, 510, 511, 513, 514, 515, 516, 521, 522, 524, 525, 526, 529, 530, 531, 532, 533, 534, 539, 540, 542, 544, 545, 548, 549, 551, 552, 553, 554, 556, 557, 558, 559, 560, 561, 562, 564, 565, 566, 571, 572, 575, 578, 580, 581, 584, 585, 586, 587, 588, 589, 590, 591, 592, 593, 594, 595, 596, 597, 598, 600, 601, 603, 604, 605, 606, 607, 608, 611, 612, 613, 614, 615, 618, 619, 620, 622, 623, 624, 626, 627, 629, 630, 632, 637, 638, 641, 642, 648, 651, 652, 653, 655, 656, 658, 662, 663, 664, 665, 666, 667, 668, 670, 671, 672, 673, 674, 675, 676, 677, 681, 683, 684, 685, 686, 688, 693, 694, 695, 697, 698, 699, 700, 701, 702, 703, 705, 706, 707, 709, 710, 711, 716, 717, 720, 721, 722, 724, 726, 727, 732, 733, 734, 735, 736, 737, 738, 739, 743, 744, 745, 748, 749, 752, 754, 755, 756, 757, 758, 759, 761, 762, 767, 768, 769, 770, 778, 780, 781, 782, 784, 787, 789, 790, 791, 792, 794, 803, 805, 806, 808, 814, 820, 825, 837, 838, 839, 842, 848, 849, 850, 853, 854, 855, 856, 859, 861, 862, 863, 871, 872, 874, 875, 876, 878, 879, 881, 888, 889, 890, 891, 894, 896, 898, 899, 900, 901, 903, 907, 908, 911, 912, 913, 917, 918, 919, 920, 924, 926, 930, 931, 933, 934, 937, 938, 939, 940, 941, 944, 946, 952, 957, 960, 961, 963, 966, 973, 974, 978, 984, 988, 989, 990, 992, 995, 996, 997, 998, 1010, 1018, 1019, 1022, 1026, 1027, 1034, 1037, 1039, 1040, 1042, 1043, 1047, 1055, 1056, 1062, 1063, 1067, 1068, 1070, 1076, 1077, 1078, 1079, 1080, 1082, 1084, 1085, 1086, 1087, 1092, 1096, 1107, 1115, 1116, 1119, 1120, 1121, 1122, 1124, 1126, 1137, 1138, 1150, 1152, 1154, 1157, 1159, 1163, 1165, 1166, 1167, 1168, 1179, 1180, 1181, 1184, 1185, 1188, 1189, 1197, 1203, 1205, 1206, 1209, 1211, 1216, 1221, 1230, 1233, 1234, 1236, 1237, 1238, 1241, 1248, 1250, 1252, 1255, 1257, 1262, 1273, 1285, 1286, 1288, 1289, 1294, 1295, 1303, 1304, 1306, 1307, 1308, 1314, 1320, 1321, 1326, 1328, 1331, 1332, 1333, 1335, 1336, 1337, 1341, 1349, 1350, 1353, 1358, 1361, 1362, 1365, 1366, 1367, 1368, 1372, 1378, 1382, 1383, 1384, 1387, 1393, 1395, 1396, 1397, 1398, 1400, 1401, 1402, 1403, 1404, 1406, 1413, 1415, 1417, 1421, 1422, 1425, 1427, 1428, 1441, 1443, 1445, 1448, 1450, 1454, 1455, 1463, 1467, 1469, 1470, 1473, 1474, 1475, 1483, 1485, 1487, 1488, 1489, 1499, 1502, 1503, 1507, 1509, 1510, 1516, 1517, 1518, 1519, 1523, 1524, 1525, 1526, 1529, 1534, 1541, 1542, 1544, 1546, 1550, 1552, 1553, 1555, 1556, 1557, 1558, 1564, 1565, 1568, 1570, 1575, 1580, 1581, 1585, 1586, 1587, 1589, 1590, 1592, 1594, 1596, 1598, 1600, 1605, 1606, 1608, 1611, 1613, 1615, 1617, 1619, 1620, 1623, 1624, 1625, 1626, 1628, 1630, 1631, 1634, 1635, 1636, 1637, 1638, 1640, 1643, 1644, 1645, 1646, 1647, 1648, 1649, 1651, 1655, 1660, 1661, 1662, 1665, 1666, 1667, 1672, 1673, 1674, 1677, 1678, 1679, 1683, 1686, 1689, 1694, 1695, 1698, 1701, 1705, 1706, 1707, 1708, 1710, 1715, 1716, 1718, 1719, 1721, 1722, 1723, 1729, 1732, 1733, 1734, 1735, 1736, 1737, 1739, 1743, 1745, 1746, 1748, 1749, 1753, 1760, 1762, 1763, 1765, 1766, 1767, 1770, 1777, 1778, 1782, 1783, 1788, 1794, 1795, 1796, 1800, 1803, 1804, 1808, 1809, 1813, 1814, 1815, 1816, 1818, 1819, 1822, 1823, 1824, 1825, 1826, 1827, 1828, 1829, 1830, 1832, 1833, 1836, 1844, 1847, 1848, 1849, 1850, 1851, 1856, 1857, 1858, 1859, 1860, 1861, 1862, 1863, 1864, 1865, 1866, 1868, 1869, 1872, 1873, 1874, 1875, 1877, 1878, 1879, 1880, 1881, 1883, 1885, 1886, 1887, 1889, 1893, 1894, 1895, 1896, 1897, 1898, 1899, 1900, 1902, 1903, 1905, 1906, 1911, 1913, 1914, 1916, 1918, 1919, 1920, 1921, 1923, 1924, 1929, 1931, 1933, 1934, 1935, 1938, 1939, 1940, 1941, 1942, 1943, 1944, 1945, 1946, 1948, 1949, 1950, 1951, 1953, 1955, 1958, 1959, 1962, 1963, 1964, 1967, 1968, 1969, 1970, 1971, 1973, 1977, 1978, 1979, 1980, 1981, 1982, 1983, 1984, 1986, 1987, 1988, 1990, 1993, 1994, 1995, 1996, 1998, 1999, 2000, 2001, 2002, 2005, 2007, 2008, 2010, 2011, 2014, 2016, 2018, 2019, 2020, 2021, 2022, 2023, 2024, 2026, 2028, 2029, 2031, 2032, 2035, 2038, 2043, 2044, 2051, 2052, 2054, 2059, 2061, 2063, 2064, 2067, 2068, 2071, 2073, 2075, 2076, 2077, 2080, 2083, 2086, 2087, 2090, 2091, 2094, 2095, 2096, 2098, 2099, 2102, 2103, 2104, 2106, 2107, 2108, 2109, 2111, 2119, 2120, 2121, 2122, 2123, 2124, 2125, 2130, 2131, 2132, 2133, 2138, 2139, 2140, 2141, 2144, 2145, 2147, 2149, 2153, 2154, 2158, 2159, 2160, 2163, 2164, 2167, 2169, 2171, 2172, 2184, 2186, 2193, 2194, 2197, 2198, 2200, 2205, 2207, 2209, 2213, 2214, 2218, 2219, 2223, 2225, 2227, 2230, 2237, 2240, 2243, 2244, 2245, 2246, 2248, 2250, 2252, 2253, 2254, 2255, 2257, 2260, 2261, 2262, 2263, 2265, 2266, 2268, 2269, 2272, 2279, 2280, 2283, 2286, 2289, 2292, 2293, 2294, 2295, 2296, 2299, 2300, 2302, 2303, 2304, 2306, 2308, 2315, 2317, 2320, 2321, 2323, 2326, 2330, 2333, 2334, 2335, 2337, 2338, 2339, 2340, 2344, 2345, 2348, 2349, 2353, 2354, 2355, 2358, 2360, 2363, 2369, 2373, 2377, 2378, 2379, 2381, 2384, 2385, 2386, 2393, 2394, 2395, 2400, 2401, 2402, 2403, 2404, 2405, 2409, 2411, 2412, 2413, 2414, 2416, 2417, 2419, 2420, 2421, 2425, 2428, 2429, 2431, 2432, 2433, 2435, 2436, 2438, 2440, 2441, 2442, 2444, 2446, 2447, 2450, 2452, 2456, 2457, 2458, 2459, 2467, 2468, 2471, 2472, 2474, 2478, 2479, 2480, 2481, 2482, 2483, 2485, 2489, 2492, 2493, 2496, 2498, 2502, 2504, 2508, 2509, 2510, 2511, 2517, 2520, 2521, 2527, 2532, 2533, 2534, 2535, 2538, 2539, 2541, 2543, 2545, 2547, 2548, 2549, 2550, 2552, 2553, 2558, 2561, 2566, 2567, 2568, 2569, 2570, 2571, 2572, 2573, 2574, 2575, 2576, 2578, 2581, 2582, 2583, 2584, 2587, 2588, 2590, 2591, 2592, 2596, 2598, 2599, 2601, 2602, 2604, 2608, 2609, 2611, 2612, 2613, 2616, 2617, 2622, 2625, 2627, 2628, 2630, 2636, 2637, 2640, 2644, 2648, 2650, 2652, 2653, 2654, 2655, 2656, 2662, 2664, 2665, 2668, 2675, 2676, 2677, 2678, 2679, 2682, 2683, 2684, 2687, 2689, 2696, 2697, 2698, 2699, 2702, 2703, 2706, 2707, 2711, 2716, 2717, 2718, 2719, 2721, 2722, 2723, 2724, 2726, 2731, 2732, 2735, 2741, 2742, 2743, 2746, 2750, 2751, 2753, 2755, 2757, 2760, 2763, 2770, 2771, 2773, 2774, 2775, 2776, 2777, 2779, 2784, 2786, 2790, 2793, 2794, 2795, 2796, 2797, 2800, 2801, 2802, 2807, 2809, 2810, 2813, 2821, 2823, 2830, 2831, 2833, 2836, 2837, 2840, 2843, 2844, 2845, 2846, 2847, 2848, 2849, 2851, 2852, 2856, 2857, 2858, 2863, 2864, 2865, 2866, 2868, 2869, 2870, 2871, 2873, 2874, 2875, 2877, 2879, 2883, 2884, 2885, 2886, 2888, 2895, 2896, 2897, 2901, 2902, 2903, 2906, 2911, 2914, 2918, 2919, 2921, 2926, 2931, 2932, 2933, 2935, 2936, 2937, 2938, 2942, 2944, 2946, 2947, 2948, 2950, 2951, 2952, 2953, 2960, 2961, 2964, 2965, 2968, 2971, 2972, 2975, 2976, 2977, 2978, 2982, 2983, 2989, 2990, 2991, 2993, 2994, 2995, 2996, 2997, 2999, 3001, 3003, 3004, 3006, 3007, 3010, 3012, 3017, 3022, 3023, 3025, 3028, 3029, 3030, 3035, 3040, 3041, 3046, 3048, 3049, 3050, 3052, 3053, 3054, 3055, 3056, 3058, 3061, 3065, 3066, 3068, 3069, 3074, 3076, 3078, 3079, 3080, 3082, 3083, 3085, 3086, 3087, 3088, 3089, 3090, 3095, 3096, 3100, 3104, 3105, 3107, 3108, 3110, 3113, 3114, 3118, 3119, 3120, 3122, 3124, 3127, 3129, 3131, 3133, 3134, 3135, 3139, 3140, 3142, 3144, 3148, 3149, 3150, 3151, 3152, 3153, 3154, 3155, 3156, 3160, 3165, 3167, 3169, 3175, 3176, 3177, 3178, 3179, 3180, 3186, 3189, 3190, 3194, 3196, 3197, 3198, 3201, 3206, 3209, 3210, 3213, 3217, 3220, 3222, 3224, 3225, 3226, 3227, 3228, 3233, 3235, 3236, 3239, 3241, 3242, 3243, 3250, 3252, 3253, 3254, 3255, 3259, 3261, 3265, 3269, 3271, 3277, 3278, 3279, 3282, 3288, 3289, 3290, 3291, 3297, 3300, 3301, 3302, 3306, 3312, 3316, 3323, 3324, 3327, 3330, 3331, 3339, 3342, 3343, 3344, 3350, 3353, 3357, 3361, 3364, 3365, 3370, 3373, 3377, 3378, 3381, 3388, 3390, 3391, 3392, 3393, 3399, 3402, 3403, 3404, 3406, 3411, 3412, 3414, 3421, 3422, 3428]
The 10th cluster is
number of docs :38
The centroid is : 989 3534 6115 4479 4761 5244 2640 4632 841 6296 4494 1664 2352 1580 3420 753 1096 2013 4205 4637 6884 3630 3350 6387 6894 3276 3070 3317 4150 3015 5469 6319 2657 4086 4634 4635 5891 6486 3506 3608 5657 6110 2088 1593 3507 1849 3310 4155 4570 5143 1980 4247 4736 5896 894 4941 6438 6742 644 3902 
[177, 178, 254, 255, 307, 527, 1112, 1187, 1191, 1204, 1609, 1720, 1725, 1771, 1779, 1799, 1901, 1910, 1932, 1936, 1947, 1957, 1975, 2003, 2057, 2058, 2088, 2126, 2212, 2247, 2291, 2298, 2316, 2577, 2633, 2635, 3162, 3401]
