1.5108840465545654
done
63.96527600288391
14.964198509169625
14.274395198745571
1.0
9.989990979546143
done
158.9648711681366
14.95154924247904
14.032015532159221
1.0
9.9797959049262
done
311.37753319740295
14.949948007757236
14.047905697067586
1.0
9.995671653987678
done
4033.3727650642395
14.951401235571323
14.059617541606098
1.0
9.986679683433634
done
4353.121198892593
14.917441500621074
14.009413753666502
1.0
9.945439055964822
done
4811.738303184509
14.918778456132323
13.885199284220526
1.0
9.969201362043101
done
6932.86474609375
14.938467168466826
13.86797787710803
1.0
9.976453248745882
done
11779.098600149155
14.903579918154708
13.866379378843778
1.0
9.973492740347151
done
39422.72025799751
14.94013361259659
13.559091892317156
1.0
9.969201362043101
done
42011.132097005844
14.901546173503737
13.6327347405435
1.0
9.967628463094213
done
59785.47847700119
14.91946929634109
13.712341083473707
1.0
9.972893079630683
done

