The 0th cluster is
number of docs :68[29, 48, 54, 62, 75, 79, 95, 98, 134, 139, 160, 167, 184, 185, 200, 254, 319, 385, 409, 448, 472, 502, 511, 529, 547, 561, 596, 681, 687, 702, 705, 707, 711, 722, 737, 754, 835, 859, 863, 887, 929, 955, 973, 1089, 1097, 1099, 1100, 1104, 1137, 1156, 1175, 1230, 1241, 1256, 1282, 1286, 1288, 1289, 1290, 1306, 1342, 1344, 1371, 1377, 1385, 1451, 1478, 1487]
The 1th cluster is
number of docs :275[15, 30, 32, 40, 42, 44, 46, 47, 49, 59, 61, 68, 69, 70, 73, 77, 82, 85, 88, 89, 90, 91, 92, 96, 97, 99, 103, 104, 120, 121, 122, 169, 171, 174, 178, 183, 187, 189, 195, 211, 212, 216, 220, 222, 224, 227, 228, 236, 241, 242, 250, 256, 257, 307, 309, 312, 313, 314, 316, 318, 329, 331, 337, 344, 345, 348, 352, 354, 365, 371, 372, 373, 374, 377, 379, 381, 383, 384, 394, 395, 468, 479, 484, 486, 493, 496, 500, 501, 503, 504, 516, 530, 535, 541, 542, 543, 544, 545, 546, 548, 549, 550, 551, 552, 554, 555, 571, 600, 607, 608, 610, 613, 614, 615, 618, 619, 620, 622, 623, 627, 642, 651, 656, 660, 663, 668, 691, 695, 698, 703, 712, 715, 726, 746, 748, 785, 786, 789, 796, 809, 812, 820, 821, 826, 828, 829, 830, 831, 833, 834, 840, 843, 853, 860, 901, 902, 903, 905, 907, 908, 918, 919, 921, 922, 934, 944, 954, 957, 958, 959, 961, 962, 964, 966, 967, 969, 980, 981, 1001, 1008, 1016, 1036, 1037, 1038, 1040, 1041, 1044, 1048, 1052, 1054, 1056, 1057, 1058, 1059, 1062, 1064, 1090, 1092, 1105, 1107, 1108, 1109, 1113, 1114, 1115, 1118, 1119, 1131, 1151, 1166, 1167, 1180, 1181, 1186, 1188, 1192, 1200, 1202, 1204, 1205, 1228, 1231, 1233, 1234, 1237, 1238, 1239, 1242, 1243, 1244, 1245, 1246, 1247, 1248, 1249, 1250, 1251, 1252, 1260, 1268, 1287, 1297, 1311, 1313, 1318, 1321, 1325, 1329, 1353, 1369, 1372, 1379, 1380, 1381, 1383, 1384, 1386, 1387, 1388, 1389, 1390, 1391, 1398, 1408, 1415, 1434, 1453, 1455, 1456, 1458, 1459, 1461, 1466, 1468, 1472]
The 2th cluster is
number of docs :192[55, 63, 66, 71, 144, 145, 151, 152, 159, 161, 170, 173, 217, 221, 232, 262, 265, 267, 280, 291, 292, 346, 349, 350, 362, 364, 393, 397, 398, 399, 400, 403, 407, 432, 436, 455, 480, 481, 490, 498, 499, 505, 507, 509, 566, 569, 575, 587, 588, 590, 595, 601, 634, 669, 689, 693, 709, 718, 720, 723, 724, 725, 727, 731, 742, 760, 764, 773, 795, 798, 804, 808, 836, 838, 852, 862, 871, 873, 877, 879, 881, 882, 884, 885, 892, 898, 911, 927, 941, 953, 978, 982, 986, 987, 988, 992, 997, 998, 1004, 1006, 1007, 1009, 1012, 1022, 1023, 1029, 1065, 1076, 1101, 1120, 1125, 1126, 1132, 1133, 1134, 1140, 1141, 1143, 1152, 1155, 1159, 1161, 1162, 1163, 1170, 1176, 1189, 1191, 1196, 1197, 1214, 1236, 1253, 1255, 1259, 1261, 1262, 1267, 1270, 1272, 1274, 1277, 1280, 1281, 1283, 1285, 1291, 1295, 1299, 1301, 1304, 1307, 1319, 1322, 1326, 1327, 1333, 1337, 1338, 1340, 1375, 1392, 1393, 1395, 1396, 1397, 1404, 1405, 1406, 1409, 1410, 1411, 1412, 1413, 1414, 1417, 1419, 1420, 1424, 1428, 1429, 1432, 1433, 1435, 1438, 1441, 1442, 1443, 1446, 1482, 1492, 1497]
The 3th cluster is
number of docs :246[2, 7, 9, 52, 56, 106, 124, 125, 127, 128, 143, 146, 148, 156, 162, 164, 166, 218, 233, 237, 245, 255, 258, 260, 261, 273, 277, 283, 285, 287, 290, 293, 294, 310, 347, 366, 367, 375, 380, 382, 406, 410, 412, 415, 417, 421, 422, 423, 424, 425, 426, 427, 428, 433, 434, 435, 438, 441, 447, 450, 453, 460, 463, 467, 470, 475, 494, 497, 506, 508, 515, 525, 532, 534, 559, 560, 568, 570, 572, 573, 580, 581, 586, 589, 591, 592, 593, 598, 602, 626, 633, 637, 649, 661, 670, 675, 680, 682, 683, 684, 692, 696, 697, 699, 716, 721, 735, 736, 745, 747, 765, 767, 768, 775, 780, 801, 807, 810, 814, 815, 823, 825, 839, 841, 842, 847, 848, 850, 851, 854, 855, 857, 861, 864, 865, 872, 874, 878, 883, 889, 891, 900, 906, 928, 950, 956, 972, 976, 977, 984, 990, 991, 993, 999, 1000, 1010, 1013, 1015, 1017, 1019, 1020, 1033, 1034, 1061, 1068, 1069, 1071, 1072, 1077, 1078, 1079, 1081, 1082, 1085, 1087, 1123, 1127, 1142, 1146, 1148, 1149, 1154, 1157, 1158, 1160, 1164, 1165, 1171, 1172, 1198, 1208, 1209, 1218, 1219, 1220, 1224, 1235, 1254, 1258, 1265, 1266, 1269, 1273, 1275, 1276, 1294, 1296, 1298, 1302, 1305, 1308, 1309, 1310, 1336, 1356, 1357, 1362, 1363, 1365, 1394, 1399, 1401, 1402, 1403, 1407, 1416, 1422, 1423, 1425, 1426, 1431, 1437, 1439, 1445, 1448, 1449, 1470, 1473, 1474, 1486, 1488, 1489, 1490, 1491, 1495, 1498]
The 4th cluster is
number of docs :57[3, 4, 34, 38, 76, 81, 113, 123, 126, 141, 163, 172, 230, 231, 235, 259, 268, 297, 298, 301, 303, 308, 363, 369, 370, 390, 392, 466, 469, 473, 476, 630, 645, 652, 657, 662, 679, 690, 781, 782, 818, 904, 942, 943, 948, 949, 1039, 1122, 1179, 1194, 1201, 1226, 1316, 1332, 1360, 1477, 1496]
The 5th cluster is
number of docs :38[12, 28, 201, 276, 356, 378, 408, 429, 457, 485, 567, 650, 673, 816, 819, 894, 899, 920, 979, 1021, 1032, 1055, 1060, 1124, 1150, 1174, 1177, 1190, 1292, 1339, 1341, 1346, 1348, 1421, 1427, 1469, 1471, 1480]
The 6th cluster is
number of docs :126[10, 14, 18, 20, 27, 67, 80, 94, 149, 150, 157, 158, 165, 179, 186, 190, 192, 196, 199, 202, 229, 234, 239, 240, 263, 266, 284, 334, 336, 338, 339, 341, 342, 343, 442, 451, 458, 459, 461, 464, 471, 474, 522, 556, 564, 577, 578, 585, 594, 599, 603, 612, 616, 617, 625, 629, 632, 647, 654, 686, 688, 700, 719, 729, 734, 743, 749, 750, 751, 756, 769, 772, 774, 777, 783, 790, 811, 824, 844, 849, 867, 870, 876, 880, 890, 913, 933, 936, 939, 940, 945, 946, 975, 994, 1024, 1027, 1047, 1049, 1067, 1070, 1075, 1106, 1129, 1169, 1184, 1207, 1221, 1257, 1264, 1271, 1278, 1314, 1345, 1349, 1359, 1376, 1400, 1430, 1436, 1444, 1447, 1463, 1476, 1479, 1481, 1494]
The 7th cluster is
number of docs :107[1, 24, 25, 51, 57, 58, 65, 84, 86, 108, 109, 111, 112, 114, 129, 130, 131, 132, 203, 204, 205, 206, 207, 209, 210, 251, 252, 253, 321, 322, 323, 324, 325, 326, 327, 328, 330, 332, 340, 391, 413, 440, 445, 492, 512, 513, 514, 517, 518, 520, 521, 528, 533, 537, 558, 574, 605, 638, 644, 653, 658, 664, 674, 676, 677, 678, 701, 738, 788, 791, 792, 793, 794, 866, 868, 896, 910, 925, 931, 1031, 1043, 1045, 1046, 1050, 1051, 1095, 1096, 1098, 1102, 1103, 1147, 1183, 1185, 1187, 1193, 1199, 1206, 1211, 1217, 1323, 1324, 1373, 1374, 1457, 1464, 1465, 1484]
The 8th cluster is
number of docs :111[5, 8, 11, 16, 64, 154, 182, 271, 274, 278, 282, 288, 295, 300, 302, 402, 404, 405, 411, 418, 420, 437, 443, 446, 456, 465, 488, 489, 491, 495, 527, 531, 553, 557, 562, 563, 565, 576, 579, 583, 597, 604, 609, 628, 635, 636, 659, 694, 728, 732, 733, 739, 740, 758, 759, 761, 763, 771, 787, 803, 806, 845, 856, 858, 888, 893, 897, 937, 951, 952, 971, 974, 983, 985, 989, 1002, 1005, 1025, 1026, 1028, 1035, 1083, 1086, 1088, 1091, 1128, 1130, 1135, 1138, 1144, 1178, 1210, 1216, 1222, 1223, 1225, 1284, 1293, 1300, 1303, 1343, 1351, 1355, 1358, 1361, 1364, 1418, 1440, 1450, 1462, 1493]
The 9th cluster is
number of docs :112[13, 17, 19, 21, 23, 26, 33, 36, 39, 53, 60, 87, 107, 110, 115, 116, 135, 136, 137, 138, 140, 142, 147, 153, 168, 175, 177, 188, 191, 194, 197, 198, 208, 238, 243, 244, 246, 247, 264, 269, 270, 272, 281, 286, 299, 305, 317, 320, 333, 335, 360, 361, 368, 386, 387, 401, 414, 416, 419, 430, 431, 439, 462, 477, 487, 510, 519, 526, 536, 582, 584, 611, 639, 641, 648, 671, 672, 704, 744, 752, 753, 755, 757, 762, 766, 770, 779, 797, 822, 875, 886, 909, 914, 915, 924, 932, 947, 1003, 1111, 1112, 1139, 1203, 1213, 1229, 1279, 1317, 1354, 1368, 1378, 1454, 1460, 1475]
The 10th cluster is
number of docs :16[6, 31, 155, 176, 454, 646, 813, 827, 895, 935, 995, 996, 1014, 1153, 1315, 1320]
The 11th cluster is
number of docs :152[22, 35, 37, 41, 43, 45, 50, 72, 74, 78, 83, 93, 100, 101, 102, 105, 117, 118, 119, 133, 180, 181, 193, 213, 214, 215, 219, 223, 225, 226, 248, 249, 275, 279, 289, 296, 304, 306, 311, 315, 351, 353, 355, 357, 358, 359, 376, 388, 389, 396, 444, 449, 452, 478, 482, 483, 523, 524, 538, 539, 540, 606, 621, 624, 631, 640, 643, 655, 665, 666, 667, 685, 706, 708, 710, 713, 714, 717, 730, 741, 776, 778, 784, 799, 800, 802, 805, 817, 832, 837, 846, 869, 912, 916, 917, 923, 926, 930, 938, 960, 963, 965, 968, 970, 1011, 1018, 1030, 1042, 1053, 1063, 1066, 1073, 1074, 1080, 1084, 1093, 1094, 1110, 1116, 1117, 1121, 1136, 1145, 1168, 1173, 1182, 1195, 1212, 1215, 1227, 1232, 1240, 1263, 1312, 1328, 1330, 1331, 1334, 1335, 1347, 1350, 1352, 1366, 1367, 1370, 1382, 1452, 1467, 1483, 1485, 1499, 1500]
