The 0th cluster is
number of docs :175[22, 40, 41, 42, 43, 44, 45, 47, 48, 50, 57, 59, 60, 61, 85, 89, 92, 93, 94, 95, 96, 97, 100, 102, 103, 104, 105, 123, 141, 166, 180, 181, 185, 186, 187, 191, 193, 194, 195, 208, 225, 241, 242, 292, 306, 307, 308, 311, 312, 314, 315, 316, 317, 318, 319, 337, 345, 352, 353, 370, 372, 381, 388, 395, 464, 479, 484, 500, 501, 538, 539, 540, 542, 545, 546, 547, 549, 550, 551, 552, 553, 561, 577, 597, 602, 607, 608, 611, 613, 614, 615, 616, 620, 622, 627, 655, 660, 671, 691, 698, 699, 705, 707, 710, 711, 712, 714, 717, 799, 821, 828, 829, 831, 834, 837, 860, 875, 918, 959, 961, 962, 963, 964, 965, 966, 967, 968, 969, 970, 1025, 1062, 1064, 1093, 1094, 1097, 1098, 1100, 1105, 1108, 1109, 1111, 1113, 1116, 1131, 1188, 1223, 1229, 1233, 1237, 1238, 1239, 1240, 1242, 1243, 1244, 1246, 1247, 1250, 1251, 1263, 1329, 1347, 1350, 1365, 1367, 1376, 1379, 1381, 1384, 1386, 1390, 1391, 1453, 1458, 1500]
The 1th cluster is
number of docs :366[1, 7, 11, 12, 14, 20, 27, 30, 31, 34, 51, 54, 56, 62, 64, 66, 69, 70, 71, 72, 73, 74, 75, 76, 77, 78, 79, 80, 81, 82, 88, 90, 91, 98, 99, 101, 107, 113, 115, 124, 126, 127, 128, 131, 136, 138, 139, 142, 143, 144, 145, 148, 156, 158, 164, 165, 169, 170, 171, 172, 173, 174, 176, 177, 178, 179, 183, 184, 188, 189, 190, 200, 212, 224, 226, 227, 228, 229, 230, 232, 233, 235, 237, 238, 239, 249, 250, 252, 269, 274, 277, 278, 282, 287, 290, 293, 297, 298, 299, 300, 301, 302, 303, 304, 309, 310, 313, 320, 330, 333, 334, 336, 339, 341, 342, 343, 344, 359, 363, 364, 365, 371, 374, 375, 383, 385, 386, 387, 389, 390, 392, 393, 394, 402, 404, 410, 413, 414, 415, 417, 418, 419, 420, 424, 436, 438, 441, 445, 446, 452, 456, 457, 461, 462, 463, 465, 469, 471, 472, 474, 475, 476, 477, 486, 489, 493, 495, 502, 503, 510, 525, 526, 527, 528, 529, 530, 531, 534, 537, 544, 548, 563, 564, 567, 576, 579, 580, 589, 590, 600, 606, 609, 610, 624, 628, 629, 632, 646, 647, 648, 652, 653, 654, 656, 657, 658, 659, 662, 663, 672, 679, 682, 687, 690, 694, 700, 702, 704, 706, 715, 726, 739, 740, 750, 751, 752, 753, 754, 757, 761, 765, 766, 769, 770, 778, 779, 780, 781, 782, 784, 785, 786, 787, 788, 808, 815, 817, 830, 832, 833, 835, 836, 843, 853, 886, 892, 894, 895, 896, 897, 899, 901, 902, 903, 904, 905, 906, 907, 915, 919, 929, 935, 936, 940, 946, 947, 948, 952, 956, 980, 981, 983, 984, 985, 1001, 1004, 1024, 1026, 1038, 1039, 1040, 1041, 1042, 1043, 1044, 1046, 1067, 1070, 1077, 1081, 1085, 1089, 1096, 1102, 1110, 1112, 1114, 1115, 1122, 1138, 1144, 1145, 1165, 1171, 1175, 1179, 1180, 1181, 1182, 1201, 1202, 1203, 1205, 1209, 1213, 1216, 1219, 1232, 1241, 1245, 1256, 1264, 1271, 1273, 1312, 1313, 1314, 1315, 1316, 1318, 1319, 1338, 1340, 1343, 1349, 1352, 1354, 1356, 1359, 1360, 1369, 1370, 1377, 1378, 1380, 1383, 1385, 1388, 1400, 1452, 1454, 1455, 1475, 1480, 1488, 1494]
The 2th cluster is
number of docs :196[23, 24, 25, 36, 53, 84, 86, 108, 109, 110, 111, 112, 114, 129, 130, 135, 151, 157, 196, 203, 204, 205, 206, 207, 209, 210, 244, 246, 270, 271, 280, 281, 321, 322, 323, 324, 325, 326, 327, 328, 332, 378, 391, 399, 407, 416, 429, 434, 439, 440, 458, 488, 491, 506, 512, 513, 515, 517, 518, 519, 521, 523, 533, 557, 559, 562, 568, 569, 570, 575, 581, 612, 633, 638, 642, 650, 664, 675, 676, 677, 686, 696, 701, 716, 720, 723, 729, 742, 743, 744, 748, 758, 759, 763, 767, 768, 771, 773, 775, 790, 791, 792, 793, 794, 806, 809, 814, 825, 865, 866, 867, 873, 877, 879, 880, 882, 885, 890, 910, 911, 912, 924, 931, 944, 953, 988, 992, 994, 997, 998, 1011, 1017, 1018, 1021, 1022, 1027, 1031, 1032, 1047, 1050, 1051, 1082, 1084, 1095, 1103, 1125, 1139, 1140, 1142, 1143, 1159, 1162, 1163, 1166, 1174, 1178, 1183, 1184, 1185, 1186, 1187, 1199, 1217, 1226, 1266, 1274, 1277, 1278, 1292, 1293, 1296, 1303, 1306, 1307, 1322, 1323, 1324, 1346, 1373, 1375, 1399, 1402, 1404, 1408, 1411, 1413, 1415, 1420, 1432, 1436, 1442, 1460, 1461, 1464, 1476, 1493]
The 3th cluster is
number of docs :32[28, 106, 150, 201, 294, 408, 496, 509, 536, 574, 601, 684, 719, 850, 955, 979, 996, 1014, 1066, 1135, 1146, 1147, 1153, 1168, 1258, 1320, 1355, 1357, 1397, 1427, 1449, 1484]
The 4th cluster is
number of docs :265[2, 4, 6, 10, 26, 29, 32, 33, 35, 38, 49, 52, 58, 63, 65, 87, 116, 117, 118, 120, 121, 122, 132, 133, 134, 152, 155, 159, 175, 182, 199, 214, 215, 216, 217, 218, 219, 220, 221, 222, 223, 255, 259, 264, 266, 268, 276, 279, 283, 296, 305, 329, 346, 347, 348, 349, 350, 351, 354, 355, 356, 357, 358, 360, 362, 369, 373, 384, 396, 398, 401, 405, 426, 443, 450, 466, 468, 473, 480, 481, 482, 483, 485, 494, 499, 532, 543, 554, 555, 558, 565, 572, 573, 586, 587, 594, 617, 618, 619, 623, 630, 631, 634, 635, 637, 639, 640, 645, 651, 661, 666, 667, 668, 669, 670, 685, 693, 709, 713, 733, 735, 745, 746, 749, 762, 776, 783, 796, 797, 800, 801, 803, 804, 805, 812, 823, 824, 846, 862, 868, 872, 874, 878, 881, 884, 891, 913, 917, 921, 922, 923, 926, 930, 941, 943, 999, 1006, 1009, 1012, 1013, 1015, 1016, 1020, 1036, 1045, 1054, 1055, 1056, 1057, 1058, 1059, 1060, 1061, 1065, 1076, 1078, 1079, 1080, 1119, 1124, 1126, 1141, 1149, 1151, 1152, 1154, 1155, 1156, 1158, 1160, 1161, 1164, 1167, 1177, 1189, 1190, 1191, 1193, 1194, 1195, 1196, 1198, 1207, 1214, 1220, 1225, 1235, 1236, 1249, 1252, 1253, 1260, 1262, 1279, 1282, 1286, 1287, 1288, 1289, 1294, 1298, 1302, 1304, 1309, 1325, 1326, 1327, 1330, 1331, 1332, 1333, 1337, 1342, 1362, 1364, 1371, 1382, 1392, 1401, 1410, 1412, 1419, 1422, 1429, 1434, 1437, 1448, 1450, 1451, 1466, 1468, 1469, 1470, 1472, 1477, 1482, 1483, 1485, 1487, 1490, 1492, 1495, 1496, 1497, 1499]
The 5th cluster is
number of docs :51[16, 162, 262, 263, 379, 380, 382, 433, 453, 454, 593, 703, 741, 755, 795, 847, 937, 939, 945, 978, 1019, 1023, 1030, 1049, 1069, 1071, 1073, 1074, 1075, 1101, 1148, 1173, 1208, 1210, 1215, 1276, 1280, 1281, 1283, 1311, 1345, 1353, 1363, 1366, 1414, 1444, 1447, 1462, 1463, 1481, 1489]
The 6th cluster is
number of docs :36[46, 68, 83, 211, 377, 478, 514, 621, 625, 644, 678, 688, 695, 708, 789, 826, 851, 908, 934, 958, 1090, 1099, 1104, 1106, 1107, 1118, 1204, 1221, 1284, 1317, 1372, 1387, 1456, 1457, 1459, 1465]
The 7th cluster is
number of docs :92[15, 37, 39, 197, 213, 231, 245, 247, 248, 267, 335, 361, 376, 412, 432, 444, 459, 487, 504, 516, 520, 524, 535, 571, 641, 643, 649, 665, 673, 674, 697, 738, 764, 798, 802, 816, 819, 822, 898, 914, 916, 920, 925, 927, 928, 932, 933, 938, 954, 957, 960, 995, 1034, 1037, 1052, 1053, 1063, 1068, 1088, 1091, 1092, 1117, 1150, 1176, 1192, 1197, 1200, 1206, 1211, 1212, 1224, 1227, 1230, 1231, 1248, 1290, 1305, 1308, 1310, 1328, 1334, 1335, 1336, 1339, 1341, 1344, 1348, 1389, 1417, 1440, 1471, 1474]
The 8th cluster is
number of docs :104[3, 5, 9, 13, 17, 18, 21, 55, 67, 119, 125, 137, 140, 146, 147, 149, 154, 160, 168, 192, 202, 234, 236, 240, 243, 251, 253, 254, 258, 261, 272, 284, 286, 291, 295, 331, 338, 340, 366, 367, 368, 423, 427, 431, 437, 442, 447, 448, 451, 460, 467, 505, 508, 511, 541, 556, 560, 578, 582, 584, 585, 591, 592, 596, 603, 626, 680, 683, 734, 737, 756, 772, 774, 777, 810, 811, 818, 827, 848, 855, 876, 888, 893, 909, 942, 973, 1002, 1003, 1033, 1035, 1120, 1157, 1169, 1218, 1222, 1228, 1254, 1269, 1295, 1351, 1358, 1361, 1368, 1418]
The 9th cluster is
number of docs :183[8, 19, 153, 161, 163, 167, 198, 256, 257, 260, 265, 273, 275, 285, 288, 289, 397, 400, 403, 406, 409, 411, 421, 422, 425, 428, 430, 435, 449, 455, 470, 490, 492, 497, 498, 507, 522, 566, 583, 588, 595, 598, 599, 604, 605, 636, 681, 689, 692, 718, 721, 722, 724, 725, 727, 728, 730, 731, 732, 736, 747, 760, 807, 813, 820, 838, 839, 840, 841, 842, 844, 845, 849, 852, 854, 856, 857, 858, 859, 861, 863, 864, 869, 870, 871, 883, 887, 889, 900, 949, 950, 951, 971, 972, 974, 975, 976, 977, 982, 986, 987, 989, 990, 991, 993, 1000, 1005, 1007, 1008, 1010, 1028, 1029, 1048, 1072, 1083, 1086, 1087, 1121, 1123, 1127, 1128, 1129, 1130, 1132, 1133, 1134, 1136, 1137, 1170, 1172, 1234, 1255, 1257, 1259, 1261, 1265, 1267, 1268, 1270, 1272, 1275, 1285, 1291, 1297, 1299, 1300, 1301, 1321, 1374, 1393, 1394, 1395, 1396, 1398, 1403, 1405, 1406, 1407, 1409, 1416, 1421, 1423, 1424, 1425, 1426, 1428, 1430, 1431, 1433, 1435, 1438, 1439, 1441, 1443, 1445, 1446, 1467, 1473, 1478, 1479, 1486, 1491, 1498]
