The 0th cluster is
number of docs :1
The centroid is : 4 25 42 148 293 305 306 307 308 378 438 451 453 496 571 761 794 897 898 905 906 908 928 929 975 1001 1007 1017 1019 1040 1042 1066 1081 1125 1138 1139 1184 1185 1242 1262 1265 1297 1342 1343 1474 1513 1622 1626 1647 1655 1693 1696 1697 1698 1704 1818 1867 1878 2299 2304 2382 2410 2495 2557 2586 2587 2589 2592 2630 2779 2864 2902 3113 3136 3165 3216 3221 3297 3298 3593 3594 3638 3950 4011 4026 4027 4219 4225 4237 4242 4292 4308 4324 4325 4358 4363 4400 4415 4421 4429 4437 4439 4449 4494 4505 4527 4568 4581 4592 4635 4673 4675 4690 4711 4720 4791 4859 4907 4911 4912 4913 4993 4999 5012 5265 5622 5637 5639 5705 5707 5717 5718 5726 5735 5741 5763 5777 5778 5781 5782 5825 5834 5853 5876 5880 5888 5918 5936 5962 5986 6025 6061 6064 6091 6097 6198 6239 6241 6243 6269 6289 6308 6350 6374 6408 6433 6436 6469 6472 6503 6506 6536 6557 6558 6597 6600 6613 6621 6622 6775 6777 6819 6826 6862 6898 6901 6908 6914 6991 7048 7088 7103 7115 7135 7141 7143 7166 7216 7241 7250 7335 7361 7363 7424 7443 7469 7552 7695 7698 7750 7827 7828 7928 7929 7981 7985 7999 8001 8058 8059 8064 8068 8086 8117 8197 8276 8282 8325 8330 8369 8386 8467 8468 8930 8933 8946 9479 9480 9490 9494 9552 9572 9584 9627 9629 9646 9662 9672 9674 9693 9695 9727 9737 9756 9792 9794 9795 9816 9819 9829 9852 9910 9969 10011 10071 10082 10109 10111 10166 10179 10214 10215 10308 10319 10327 10363 10364 10380 10484 10496 10611 10618 10621 10630 10631 10633 10688 10946 11044 11060 11145 11177 11181 11206 11236 11239 11289 11305 11313 11328 11329 11337 11338 11340 11349 11490 11492 11551 11840 11842 11858 11869 11978 11986 12013 12015 12040 12076 12087 12090 12099 12114 12119 12127 12143 12158 12169 12207 12208 12212 12225 12250 12253 12257 12259 12323 12332 12337 12358 12363 12368 12380 12382 12388 12390 12393 12397 12414 
[1088]
The 1th cluster is
number of docs :0
The centroid is : 
[]
The 2th cluster is
number of docs :1
The centroid is : 42 148 267 305 306 307 308 353 438 447 451 452 453 496 503 657 794 853 882 891 893 897 912 926 929 975 1001 1017 1026 1041 1081 1122 1125 1211 1230 1242 1243 1255 1256 1262 1267 1297 1301 1322 1343 1344 1345 1475 1513 1597 1655 1659 1693 1696 1697 1698 1707 1711 1747 1776 1871 1874 1878 2304 2327 2367 2382 2410 2453 2554 2557 2567 2586 2589 2592 2604 2630 2707 2890 2902 2954 3135 3136 3156 3165 3185 3216 3281 3293 3297 3593 3606 3614 3828 3909 3934 3944 3950 3951 4016 4026 4086 4214 4245 4324 4409 4421 4422 4429 4437 4449 4494 4508 4541 4587 4635 4645 4668 4673 4690 4702 4713 4720 4721 4722 4724 4784 4833 4859 4875 4883 4907 4911 4912 4913 4967 5265 5705 5706 5707 5708 5717 5726 5728 5753 5759 5763 5775 5778 5779 5781 5782 5809 5811 5819 5820 5821 5824 5857 5876 5878 5898 5903 5918 5921 5924 5926 5936 5962 5970 5972 5984 5986 6054 6091 6135 6137 6138 6139 6151 6159 6168 6241 6267 6269 6292 6435 6472 6503 6524 6527 6528 6529 6541 6554 6569 6587 6598 6599 6622 6626 6665 6714 6731 6740 6775 6862 6887 6892 6896 6908 6914 6991 7091 7115 7135 7143 7169 7220 7221 7232 7250 7333 7363 7423 7425 7449 7450 7552 7596 7688 7716 7846 7914 7929 7944 7946 7954 8048 8059 8087 8090 8092 8096 8114 8167 8176 8197 8222 8264 8276 8282 8284 8330 8396 8468 8579 8599 8915 8919 8926 8930 8946 8955 9162 9455 9461 9479 9480 9523 9552 9555 9569 9587 9593 9594 9629 9661 9672 9674 9685 9721 9725 9737 9748 9756 9816 9820 9827 9828 9831 9835 9837 9875 9910 9969 9989 10011 10027 10071 10085 10108 10109 10121 10171 10215 10234 10257 10272 10279 10317 10327 10364 10381 10387 10392 10462 10480 10484 10611 10618 10621 10631 10665 10742 10812 10880 10946 10947 11023 11045 11145 11156 11162 11177 11236 11250 11289 11328 11329 11337 11340 11490 11492 11547 11554 11622 11844 11903 11911 12040 12076 12090 12092 12114 12150 12207 12210 12253 12255 12332 12346 12363 12382 12389 12414 
[819]
The 3th cluster is
number of docs :817
The centroid is : 39 7358 9134 5399 7365 4270 11020 9402 10003 7579 7011 5554 7874 6120 7787 1482 8628 12153 5344 6056 8640 8051 4146 11719 8561 8370 316 4372 10174 10217 10181 7949 10305 11418 9336 10416 8140 7969 3603 540 3308 2574 6093 9303 9010 6836 11735 11857 532 8637 11297 7349 2056 11161 2087 6245 4180 2051 6742 6329 7963 8940 7484 428 9306 4810 5934 8548 10254 10201 574 6186 2676 9322 2175 2944 11901 533 5370 7623 8550 2192 11417 12383 4803 8968 2503 11078 10620 822 4047 9840 105 2151 2012 3077 10368 11215 7538 9649 8139 11183 2095 5177 4013 6115 10721 339 3563 3215 3750 1689 3686 5352 2023 2052 2910 2756 2260 9879 1483 8706 11376 7309 1395 3847 10904 3979 5263 1543 5045 3080 8702 1598 10568 3023 8623 2358 9165 172 2341 3240 990 6058 6407 7391 11603 2759 4811 9296 3555 4116 554 2182 11103 8947 2820 2813 171 941 1979 2179 3850 6700 8431 18 3375 6748 10861 4534 8574 9310 2059 10734 11244 5430 7766 2837 6140 11933 8008 8636 6410 7476 2149 4386 9059 11415 4378 7094 8632 4553 1760 9321 9405 1976 3916 4676 6244 11203 4007 6103 639 8737 1768 9718 692 6972 10192 2836 6932 8142 10593 6579 10845 158 12340 3741 8738 9891 9216 7642 7310 7621 374 4008 9382 2923 3725 398 1401 7493 8643 9377 10454 76 140 697 2204 11102 3628 8943 2965 937 2015 3915 11875 2626 8513 9324 2055 6477 211 3057 11075 9656 5164 8715 11282 8427 2943 4345 7282 5488 6581 4015 4267 1674 6118 5165 7316 7935 2111 5854 7184 133 1951 4177 6676 10583 7615 5223 2239 1927 16 2847 10155 9222 12359 9973 1924 3751 2961 9867 6237 10903 2797 5933 6523 10145 2252 3576 5220 2005 96 4598 1808 5244 5283 8630 2675 3254 6235 11536 2054 2058 3020 3983 8508 9244 542 9116 549 868 11099 4490 11025 2276 7279 11186 4024 4471 2378 11607 3320 6163 9772 11046 8461 11211 11876 4833 9915 12035 4463 2765 3467 9221 1087 4268 1245 2786 3489 95 2221 4385 6525 6796 6343 563 4220 9655 10648 165 12272 1128 10446 7172 11888 77 2801 6749 2796 5247 7817 11107 10306 137 5502 8471 10577 11796 3894 9042 5190 10156 3001 8209 9025 10474 1783 7744 9311 11877 5246 1612 6757 10733 5784 6500 2153 1679 3518 693 5161 11423 11605 11606 6510 5504 2692 3679 8878 9986 12154 2907 2353 9043 6654 9712 2725 8477 6230 9943 1975 11965 2510 5245 5486 3928 5024 5189 141 5532 1873 7013 9297 10732 8606 11681 575 3124 6927 9115 4383 9654 212 551 5031 5770 2854 3310 5551 2461 10592 11587 8575 7775 8600 12044 3800 11385 9808 4286 6255 1785 3632 10533 1053 2205 3292 5118 10245 1213 2804 2959 579 2680 4182 12001 2743 4205 11881 88 6358 10786 2397 8970 751 10841 1393 8485 1103 3925 10579 4815 9576 2206 3291 4953 11134 12263 1537 4039 5680 9917 11354 1762 11187 2512 658 5191 7612 7025 2750 4573 126 535 831 11886 11790 1931 2849 10005 12207 1382 10534 11705 4870 3731 9715 9962 365 7275 8511 5603 11737 2185 2798 9219 10091 7931 2346 2726 5421 10198 8647 7523 134 2766 7473 11048 3798 794 1385 5264 7471 3629 2745 10371 3763 3534 7516 169 5763 8644 11437 2807 10846 2777 8707 89 9234 11141 6379 176 2452 7480 2274 3630 6006 9247 823 5476 8645 6229 6572 6751 695 2650 4271 4296 3256 4764 8353 8613 4232 11966 10124 1392 3248 2911 10435 5902 10993 3738 10689 8479 11856 10289 5172 8622 3793 9447 3436 10711 1547 3664 8129 10893 11209 5550 7585 8659 12285 5460 8714 3651 10142 12189 2846 8710 6384 10530 536 3182 8972 3678 3764 1770 9764 9841 11221 8144 9117 10177 5222 6685 8797 9171 10037 164 1681 2187 7088 7602 8305 1922 2259 1210 5120 6338 3796 2821 4380 6931 3895 1729 2744 4101 6078 9130 3655 341 4556 11495 2784 8996 8547 9914 10102 2652 9026 2007 7600 9142 10555 3476 8639 3652 5572 6660 10759 5379 1864 4987 2074 2783 2271 2455 2785 3790 10185 6059 238 5221 9558 1216 3740 6252 10375 214 9975 2053 3611 11716 11997 11851 1600 1810 6918 10321 3019 8694 8835 10671 2612 3722 6399 9947 10842 9611 227 2180 5519 9119 10362 11425 107 9716 1854 2202 6905 3246 4656 3241 11847 6236 11444 10872 11683 4797 8809 5664 8620 10978 8678 10206 2096 5889 9101 10298 958 6675 5329 5454 550 6519 2118 10372 7734 12181 1615 9323 12195 2601 5487 9775 10103 4697 6802 10144 8740 10906 2880 6981 1324 5109 7012 8304 1381 2761 10455 8607 10345 10682 2839 5520 4766 2838 3619 3758 5778 5997 11927 2586 7024 9398 1934 11791 11935 2401 8251 11707 3926 10853 1978 8334 4388 2914 6647 3097 4269 8151 7133 10723 8549 674 2698 3988 7802 8044 10408 3060 342 982 2967 11742 592 3631 7536 10535 10823 
[1, 2, 4, 5, 6, 9, 12, 13, 14, 16, 17, 19, 22, 23, 28, 29, 31, 32, 34, 35, 36, 38, 40, 41, 42, 45, 46, 47, 48, 50, 51, 52, 54, 61, 65, 66, 70, 71, 72, 75, 78, 79, 80, 90, 93, 94, 95, 97, 99, 100, 101, 102, 103, 106, 109, 114, 118, 119, 123, 124, 125, 127, 130, 131, 133, 134, 135, 136, 137, 138, 139, 140, 141, 142, 144, 146, 148, 150, 152, 153, 155, 159, 160, 163, 164, 165, 166, 168, 170, 171, 172, 173, 175, 176, 178, 181, 183, 184, 185, 186, 187, 189, 190, 191, 192, 193, 194, 199, 200, 206, 211, 212, 221, 223, 227, 229, 233, 234, 235, 237, 238, 239, 240, 241, 242, 243, 245, 247, 248, 249, 252, 253, 255, 256, 257, 259, 260, 261, 262, 263, 265, 267, 268, 269, 270, 272, 274, 275, 276, 277, 279, 280, 281, 282, 284, 285, 286, 287, 289, 290, 292, 297, 298, 299, 300, 302, 305, 307, 310, 313, 314, 323, 330, 331, 333, 334, 340, 341, 343, 344, 348, 350, 351, 356, 361, 362, 364, 365, 366, 367, 371, 375, 376, 377, 378, 379, 380, 381, 382, 383, 384, 385, 397, 398, 399, 400, 401, 402, 404, 405, 406, 407, 408, 409, 410, 411, 412, 413, 414, 415, 416, 417, 418, 421, 422, 423, 424, 425, 427, 429, 432, 433, 435, 437, 438, 440, 442, 443, 444, 445, 446, 448, 449, 450, 451, 453, 454, 455, 457, 458, 459, 460, 461, 463, 464, 465, 466, 468, 469, 470, 471, 473, 475, 476, 477, 479, 481, 483, 485, 486, 487, 489, 490, 491, 492, 493, 494, 495, 496, 497, 499, 500, 501, 502, 503, 506, 507, 510, 515, 516, 520, 522, 524, 525, 527, 529, 532, 533, 534, 536, 540, 541, 543, 545, 547, 548, 554, 555, 556, 557, 560, 561, 562, 568, 569, 572, 575, 576, 577, 578, 579, 581, 583, 584, 586, 587, 588, 589, 591, 592, 593, 594, 595, 596, 598, 599, 601, 602, 604, 605, 606, 607, 612, 616, 619, 620, 625, 628, 633, 635, 640, 644, 646, 647, 648, 649, 652, 653, 654, 656, 657, 661, 666, 667, 668, 671, 674, 675, 679, 680, 681, 682, 683, 684, 687, 691, 693, 696, 698, 699, 700, 703, 705, 706, 707, 708, 711, 713, 714, 715, 716, 717, 718, 719, 720, 721, 722, 723, 724, 725, 727, 728, 730, 731, 732, 734, 736, 737, 738, 741, 742, 743, 744, 745, 749, 751, 752, 753, 754, 756, 759, 761, 763, 765, 766, 768, 769, 771, 772, 773, 775, 778, 780, 781, 782, 783, 785, 786, 787, 788, 791, 798, 800, 802, 803, 805, 806, 807, 809, 810, 811, 812, 813, 814, 815, 817, 818, 820, 821, 822, 823, 825, 828, 829, 835, 836, 837, 838, 839, 840, 841, 844, 845, 849, 851, 852, 853, 854, 855, 856, 857, 858, 859, 861, 862, 863, 864, 867, 869, 871, 875, 876, 877, 878, 880, 881, 882, 883, 884, 885, 887, 888, 889, 890, 891, 893, 894, 896, 898, 899, 900, 905, 914, 920, 926, 928, 929, 932, 933, 934, 935, 937, 939, 940, 942, 944, 948, 949, 950, 951, 952, 955, 956, 957, 960, 963, 965, 967, 968, 971, 972, 973, 974, 975, 977, 979, 980, 982, 983, 985, 986, 987, 989, 991, 992, 993, 995, 996, 997, 998, 1000, 1001, 1002, 1004, 1007, 1008, 1009, 1010, 1011, 1013, 1014, 1016, 1017, 1019, 1020, 1022, 1024, 1025, 1029, 1030, 1033, 1034, 1035, 1039, 1040, 1043, 1046, 1048, 1050, 1056, 1057, 1060, 1062, 1064, 1065, 1067, 1069, 1070, 1072, 1073, 1074, 1077, 1080, 1081, 1085, 1086, 1091, 1092, 1094, 1096, 1098, 1099, 1101, 1102, 1103, 1106, 1108, 1110, 1116, 1117, 1121, 1123, 1124, 1127, 1128, 1130, 1131, 1133, 1134, 1136, 1137, 1140, 1141, 1142, 1143, 1146, 1147, 1148, 1150, 1152, 1153, 1155, 1158, 1159, 1161, 1162, 1163, 1164, 1165, 1166, 1168, 1169, 1170, 1171, 1172, 1173, 1174, 1175, 1176, 1185, 1186, 1194, 1195, 1197, 1198, 1204, 1206, 1207, 1208, 1209, 1210, 1213, 1215, 1216, 1219, 1221, 1224, 1226, 1229, 1230, 1231, 1235, 1238, 1240, 1241, 1242, 1247, 1249, 1250, 1254, 1255, 1257, 1261, 1262, 1263, 1264, 1265, 1266, 1267, 1268, 1270, 1271, 1272, 1275, 1276, 1277, 1280, 1281, 1283, 1284, 1285, 1287, 1288, 1294, 1295, 1297, 1299, 1300, 1301, 1303, 1304, 1306, 1309, 1314, 1319, 1325, 1326, 1327, 1333, 1336, 1337, 1339, 1340, 1343, 1345, 1346, 1348, 1352, 1353, 1354, 1356, 1358, 1364, 1371, 1373, 1374, 1375, 1376, 1377, 1380, 1381, 1383, 1384, 1385, 1386, 1387, 1388, 1393, 1394, 1395, 1396, 1397, 1400, 1401, 1402, 1403, 1405, 1406, 1408, 1410, 1413, 1414, 1416, 1417, 1418, 1420, 1421, 1422, 1423, 1424, 1426, 1428, 1429, 1430, 1431, 1432, 1433, 1435, 1437, 1438, 1439, 1442, 1445, 1450, 1452, 1454, 1455, 1459, 1462, 1469, 1471, 1472, 1473, 1477, 1479, 1480, 1481, 1484, 1486, 1487, 1490, 1493, 1494, 1495, 1497, 1498, 1499]
The 4th cluster is
number of docs :2
The centroid is : 148 267 293 297 305 306 318 329 438 447 451 452 453 458 503 732 794 853 882 891 897 907 929 948 1017 1021 1031 1051 1081 1143 1162 1207 1230 1262 1292 1293 1303 1306 1315 1322 1348 1371 1513 1597 1622 1627 1629 1646 1648 1659 1696 1698 1704 1707 1871 1878 2155 2302 2327 2367 2382 2447 2498 2554 2557 2567 2568 2586 2592 2604 2738 2888 2904 3156 3165 3214 3216 3258 3293 3297 3300 3400 3593 3599 3656 3658 3828 4027 4053 4169 4210 4214 4229 4245 4324 4325 4326 4357 4400 4409 4416 4428 4429 4437 4438 4456 4478 4479 4494 4527 4540 4579 4581 4594 4630 4637 4652 4655 4673 4722 4755 4772 4773 4775 4778 4789 4833 4838 4858 4865 4878 4886 4907 4911 4936 4950 4963 5013 5069 5265 5623 5635 5636 5641 5693 5705 5706 5708 5711 5715 5716 5717 5719 5720 5726 5730 5736 5759 5763 5775 5778 5779 5780 5789 5809 5811 5820 5824 5825 5829 5856 5876 5878 5887 5888 5913 5918 5919 5935 5936 5943 5946 5951 5958 5961 5962 5970 5984 6010 6049 6091 6135 6138 6139 6151 6166 6167 6184 6193 6198 6263 6269 6290 6292 6308 6416 6472 6524 6547 6558 6588 6589 6600 6603 6614 6622 6626 6642 6645 6685 6773 6856 6861 6862 6888 6892 6898 6914 6973 6977 6991 7081 7088 7091 7135 7143 7216 7221 7232 7246 7363 7423 7425 7426 7552 7596 7689 7702 7707 7716 7828 7929 7946 8048 8059 8114 8134 8170 8197 8199 8276 8284 8325 8330 8360 8386 8396 8482 8599 8930 8946 8978 9004 9264 9461 9480 9552 9555 9569 9584 9585 9594 9624 9629 9646 9655 9661 9696 9697 9721 9722 9725 9727 9737 9757 9758 9765 9794 9827 9835 9836 9852 9910 9924 10027 10030 10041 10074 10077 10108 10109 10130 10171 10214 10215 10247 10327 10363 10365 10484 10611 10617 10621 10630 10631 10665 10812 10879 11049 11085 11156 11177 11235 11236 11289 11306 11328 11340 11349 11490 11492 11534 11554 11816 11823 11858 11869 11894 11911 11977 11986 12015 12040 12071 12075 12092 12111 12116 12119 12150 12175 12181 12205 12207 12250 12252 12253 12255 12295 12327 12329 12335 12346 12358 12363 12368 12369 12375 12382 12389 12414 378 472 780 881 893 928 955 974 1001 1125 1138 1170 1177 1220 1302 1314 1406 1474 1649 1673 1718 1865 1866 2108 2420 2453 2495 2546 2562 2570 2779 2865 3113 3125 3166 3198 3346 3638 3951 4011 4026 4059 4237 4260 4261 4282 4426 4449 4453 4507 4514 4606 4649 4690 4691 4721 4724 4762 4782 4921 4941 5281 5710 5764 5781 5804 5816 5830 5864 5873 5915 5944 5952 5965 5966 5980 6062 6086 6097 6239 6291 6481 6521 6573 6587 6619 6677 6772 6777 6846 6887 7094 7166 7218 7248 7249 7748 7825 7954 7999 8001 8468 8955 8964 9196 9455 9526 9593 9598 9626 9627 9674 9675 9693 9747 9756 9795 9819 9941 10063 10064 10234 10317 10331 10353 10364 10391 10496 10655 10945 11023 11064 11088 11145 11255 11385 11386 11550 11551 11909 11978 12013 12074 12087 12099 12114 12127 12169 12208 12210 12326 12328 12339 12370 12388 12408 
[697, 954]
The 5th cluster is
number of docs :629
The centroid is : 7365 11020 39 9402 7358 9134 10003 4270 5399 7579 10145 7011 5554 7874 5344 8008 8640 8628 9336 10217 7787 9840 10305 1482 2574 4146 11735 6056 8370 6120 10181 11719 316 7949 2056 10174 12153 540 8051 3603 11418 6245 7969 8637 9303 11857 11161 11078 8140 4810 6186 6093 532 10416 3750 6742 2051 5177 7484 428 10721 8548 4180 7963 10620 11297 4372 574 8550 3308 8561 7349 2087 2260 2503 9010 9322 11183 8139 8968 6836 5045 105 2151 9059 8940 339 6329 9306 9879 11901 2192 5934 2023 5370 6407 8574 8142 8947 3563 10254 533 4803 9296 11417 8706 7538 3240 10368 2182 4386 10201 11215 2676 2756 3847 4013 4047 3023 6115 10568 5430 9718 2012 6140 10472 3215 3916 9310 2239 12383 7309 18 2175 8737 2052 11603 7391 8702 2358 2837 10845 2095 10904 1543 171 1598 3077 6410 9165 9222 2910 7623 9382 2204 2341 990 1689 9405 10861 2944 5263 3915 4811 7476 822 5352 8636 2759 3080 3979 4116 2149 7642 8427 1395 1976 2923 2965 6058 11282 6700 7766 4534 11933 133 1483 6748 8715 8623 6103 11244 1979 5164 6972 2820 8630 11203 11376 4007 6244 76 9324 6757 2847 10734 2111 2797 2961 9891 639 11099 2055 3686 11103 5223 1760 7094 4676 5933 9216 2059 11875 7184 8632 11186 7817 10155 2836 5502 10454 3751 172 1401 8738 11415 96 9649 11107 398 3375 6579 7282 9377 9973 542 3555 4553 7615 8643 1612 5244 9321 10583 554 1924 1537 11134 211 12035 5283 5504 6932 12001 1768 7279 140 4008 7172 3467 6523 6796 2813 6237 692 137 5854 3850 5488 6510 2054 3020 374 4015 6676 10446 158 10192 1927 2221 4345 9311 10903 11075 2179 7621 7935 7310 3576 2058 4833 3254 3741 6163 10593 3057 10091 941 4490 11102 2153 3725 9656 11025 4385 9962 937 2015 3983 8209 8431 11965 3628 4177 4267 10306 6477 9043 4471 6343 12263 4232 9712 4378 7493 2804 2765 5118 8970 7013 1873 10733 8644 11605 8461 2353 9297 11881 12359 697 1103 5031 6235 11354 2675 5220 7744 8513 2698 2943 9772 9986 11423 4953 9042 2786 5165 7316 2005 2626 551 6581 9221 11536 11606 1245 1951 5784 7275 12340 1392 1762 3894 4598 11607 579 2849 4286 88 6749 8575 11385 5245 8471 4268 165 5680 9867 2726 3320 8613 4182 4815 3489 6358 212 1808 9116 4463 7600 693 5246 95 9915 6525 16 10435 77 794 2252 5120 10533 10648 11876 2801 9947 11211 2959 6006 11187 3629 3632 5024 10474 3124 8943 751 1674 10156 7775 5189 9244 9808 3292 6118 7612 10198 535 6230 7025 11888 3926 2846 5486 12154 11796 11997 563 3001 2692 3518 4271 6255 6927 11587 2807 10841 1975 6572 4383 575 10371 10577 141 5161 11681 10786 11046 3310 5191 2907 6654 1210 2796 8606 2276 8645 9025 1931 12272 5476 1087 2725 4573 9576 1729 4296 5190 2777 7523 176 549 3798 3928 4205 10561 2461 8622 11886 9383 11790 5532 12189 5247 8508 2378 1783 3248 9219 4039 2206 134 2205 8878 10592 1393 4001 4220 8639 658 3630 4024 9943 7140 11877 9975 10005 10206 11444 2185 2510 5763 2821 10732 126 8353 2750 3246 8600 10711 10993 3060 831 1864 5551 1213 1959 8647 9115 1785 2743 6500 7931 11437 1679 9897 10408 1854 8707 10555 8714 3800 5770 1601 2512 2798 3476 7811 2745 9558 10037 6609 2827 5379 8477 3534 8972 2368 7118 1382 10289 6379 9952 11048 3679 4764 1128 5222 8028 9914 8659 9234 11737 2854 5421 2911 3664 9715 10759 3763 3611 11221 2397 6078 10102 8485 107 415 3291 3796 7802 10078 10644 2346 3925 10177 7516 11141 12044 8305 11808 3358 7602 12181 11435 12217 11683 2650 3895 10530 4101 4556 6229 1860 10579 1922 8082 10723 3731 10124 695 2007 5550 365 7480 4388 2452 8710 536 9026 8678 10872 9447 8547 4156 8128 8797 1154 7473 11425 12285 8304 3660 4909 6750 89 2839 5889 5902 10245 11705 111 10321 164 2766 2838 9247 2680 341 4155 9117 9323 9654 861 5264 9623 6647 1547 9130 6685 7471 9611 11966 5603 6802 2187 8044 8144 10455 7133 9775 10375 5778 823 3793 3790 6384 4656 10846 3722 10689 4870 9363 10362 10643 3282 5454 6519 9379 11939 2259 409 238 5460 10562 6660 1770 3256 9917 10823 2202 3678 1385 4987 8479 3764 580 1600 6981 7012 8620 4380 5572 11495 9398 9716 847 2586 5109 6059 9119 214 3655 10345 1053 2455 6751 8151 1810 3652 10409 3738 5329 6287 11716 4697 8354 8585 2575 8037 1437 2262 12207 2652 3097 12195 2096 3804 7325 11858 805 2109 2074 3321 10534 2914 8675 169 982 154 2271 7010 5037 
[3, 7, 8, 10, 11, 15, 18, 20, 21, 24, 25, 26, 27, 30, 33, 37, 39, 43, 44, 49, 53, 55, 56, 57, 58, 59, 60, 62, 63, 64, 67, 68, 69, 73, 74, 76, 77, 81, 82, 84, 85, 86, 87, 89, 91, 92, 96, 98, 105, 107, 108, 110, 111, 112, 113, 115, 116, 117, 121, 122, 126, 128, 129, 132, 143, 145, 147, 149, 151, 154, 156, 157, 158, 162, 169, 174, 177, 179, 180, 182, 188, 195, 196, 197, 198, 201, 202, 203, 204, 205, 207, 208, 209, 210, 213, 214, 216, 217, 218, 219, 220, 222, 224, 225, 226, 228, 230, 231, 232, 244, 246, 250, 251, 254, 258, 264, 266, 271, 273, 278, 283, 288, 291, 293, 294, 295, 296, 301, 303, 304, 306, 308, 309, 311, 312, 315, 316, 317, 318, 319, 320, 321, 322, 324, 325, 326, 327, 328, 329, 332, 335, 336, 338, 339, 342, 345, 346, 347, 349, 352, 353, 354, 355, 357, 358, 359, 360, 363, 368, 369, 370, 372, 373, 374, 386, 387, 389, 390, 391, 392, 393, 394, 395, 396, 403, 419, 420, 426, 428, 430, 431, 434, 436, 439, 441, 447, 452, 456, 462, 472, 474, 478, 480, 482, 484, 488, 498, 504, 505, 508, 509, 511, 512, 513, 514, 517, 518, 519, 521, 523, 528, 530, 531, 535, 537, 538, 539, 542, 544, 546, 549, 550, 551, 558, 559, 563, 564, 565, 566, 567, 570, 571, 573, 574, 580, 582, 585, 590, 597, 600, 603, 608, 609, 610, 611, 613, 614, 615, 617, 618, 621, 622, 623, 624, 626, 627, 629, 630, 631, 632, 634, 637, 638, 639, 641, 642, 643, 645, 650, 651, 658, 659, 660, 662, 663, 664, 665, 669, 670, 672, 673, 676, 677, 678, 685, 686, 688, 689, 690, 692, 694, 695, 701, 702, 704, 709, 710, 712, 726, 729, 733, 735, 739, 740, 746, 748, 750, 755, 757, 758, 760, 762, 764, 767, 770, 774, 776, 777, 779, 784, 789, 790, 792, 793, 794, 795, 796, 797, 799, 801, 804, 808, 816, 824, 826, 827, 830, 831, 832, 833, 842, 843, 846, 847, 848, 850, 860, 865, 866, 868, 870, 872, 874, 879, 886, 892, 895, 897, 901, 902, 903, 904, 906, 907, 908, 909, 910, 911, 912, 913, 915, 916, 917, 918, 919, 921, 923, 924, 927, 930, 931, 936, 938, 941, 943, 945, 946, 947, 953, 958, 959, 961, 962, 966, 969, 970, 976, 978, 981, 984, 988, 990, 994, 999, 1003, 1005, 1006, 1012, 1015, 1018, 1021, 1023, 1026, 1027, 1031, 1032, 1036, 1037, 1038, 1041, 1042, 1044, 1045, 1047, 1049, 1051, 1052, 1053, 1054, 1055, 1058, 1059, 1061, 1063, 1066, 1068, 1071, 1075, 1078, 1079, 1083, 1084, 1089, 1090, 1093, 1095, 1097, 1100, 1104, 1105, 1107, 1109, 1111, 1112, 1113, 1114, 1115, 1119, 1120, 1122, 1125, 1129, 1132, 1135, 1138, 1139, 1144, 1145, 1149, 1151, 1156, 1157, 1160, 1167, 1178, 1179, 1180, 1181, 1182, 1183, 1184, 1187, 1188, 1189, 1191, 1192, 1193, 1196, 1199, 1200, 1201, 1202, 1203, 1205, 1211, 1212, 1214, 1217, 1218, 1220, 1222, 1225, 1228, 1232, 1233, 1234, 1237, 1239, 1243, 1244, 1245, 1246, 1248, 1251, 1258, 1259, 1269, 1273, 1274, 1278, 1279, 1282, 1286, 1289, 1291, 1293, 1296, 1302, 1305, 1307, 1308, 1310, 1311, 1312, 1313, 1315, 1316, 1317, 1318, 1320, 1321, 1322, 1323, 1324, 1328, 1329, 1330, 1331, 1332, 1334, 1335, 1338, 1341, 1342, 1344, 1347, 1349, 1350, 1351, 1357, 1359, 1360, 1361, 1366, 1367, 1368, 1369, 1370, 1372, 1379, 1382, 1389, 1390, 1391, 1392, 1399, 1404, 1407, 1409, 1411, 1415, 1419, 1425, 1427, 1434, 1436, 1440, 1441, 1443, 1444, 1446, 1447, 1448, 1449, 1451, 1453, 1456, 1457, 1458, 1460, 1461, 1463, 1464, 1465, 1466, 1467, 1468, 1470, 1474, 1475, 1476, 1478, 1482, 1483, 1485, 1488, 1489, 1492, 1496]
The 6th cluster is
number of docs :1
The centroid is : 8 26 42 148 226 267 293 306 318 329 353 378 449 450 451 452 453 732 794 853 881 882 891 893 905 920 926 948 953 955 975 996 1032 1035 1081 1204 1224 1243 1267 1290 1301 1306 1343 1513 1597 1606 1622 1629 1646 1696 1698 1701 1705 1711 1866 1874 2382 2410 2498 2554 2557 2568 2570 2585 2586 2592 2604 2706 2720 2738 3135 3156 3157 3165 3185 3198 3274 3297 3300 3384 3593 3658 3828 4016 4029 4068 4086 4209 4210 4236 4245 4261 4324 4329 4358 4368 4400 4405 4409 4415 4421 4422 4429 4449 4452 4455 4479 4501 4502 4507 4508 4579 4630 4637 4665 4675 4711 4722 4773 4775 4783 4789 4809 4820 4833 4838 4860 4879 4958 5012 5265 5544 5635 5706 5707 5711 5717 5720 5729 5736 5754 5759 5762 5763 5775 5778 5779 5780 5789 5819 5820 5856 5866 5876 5878 5883 5886 5887 5888 5912 5936 5952 5962 5967 5986 6052 6097 6135 6138 6151 6156 6193 6197 6242 6262 6263 6267 6269 6275 6291 6292 6382 6447 6506 6524 6587 6589 6598 6600 6607 6613 6618 6619 6622 6626 6627 6642 6643 6666 6717 6731 6773 6775 6862 6898 6902 6907 6973 6977 7081 7088 7090 7091 7094 7113 7115 7143 7216 7218 7221 7237 7246 7251 7294 7333 7335 7425 7475 7552 7704 7716 7828 7914 8048 8059 8064 8086 8087 8176 8197 8199 8275 8276 8302 8325 8330 8396 8468 8483 8599 8902 8919 8930 8963 8978 8983 9035 9126 9480 9509 9526 9552 9569 9595 9629 9655 9661 9721 9730 9748 9796 9810 9821 9827 9835 9836 9875 9910 9924 10011 10034 10082 10111 10171 10247 10250 10257 10320 10621 10629 10631 10652 10665 10812 10879 10946 10947 11097 11156 11177 11236 11250 11278 11292 11306 11328 11337 11349 11386 11490 11534 11751 11823 11842 11869 11894 11956 11986 12040 12076 12127 12144 12149 12159 12205 12207 12208 12255 12262 12326 12329 12332 12335 12339 12354 12362 12366 12367 12368 12369 12372 12375 12378 12382 12389 12397 
[553]
The 7th cluster is
number of docs :0
The centroid is : 
[]
The 8th cluster is
number of docs :1
The centroid is : 4 42 148 293 306 307 308 378 395 440 448 450 453 496 571 732 761 794 882 897 908 928 929 955 1017 1036 1039 1081 1125 1177 1185 1257 1265 1267 1271 1289 1290 1306 1375 1514 1697 1698 1704 1874 1878 2304 2382 2461 2495 2544 2546 2553 2557 2567 2586 2592 2618 2737 2864 3119 3143 3159 3298 3593 3594 3638 3828 3886 3946 3950 4016 4118 4178 4225 4228 4237 4241 4242 4305 4356 4357 4409 4415 4422 4423 4437 4495 4502 4507 4508 4539 4601 4606 4648 4673 4675 4690 4712 4724 4730 4760 4784 4791 4819 4833 4837 4865 4875 4903 4911 4912 4928 4950 4963 4993 5012 5212 5265 5544 5636 5649 5691 5695 5705 5707 5717 5720 5726 5730 5736 5741 5753 5759 5763 5775 5777 5778 5780 5781 5782 5804 5838 5842 5848 5878 5886 5888 5915 5918 5936 5940 5945 5991 5992 6016 6034 6044 6091 6135 6138 6168 6197 6199 6239 6268 6292 6373 6416 6472 6481 6492 6503 6521 6536 6557 6583 6588 6597 6600 6613 6614 6620 6622 6626 6635 6673 6679 6715 6726 6775 6776 6777 6820 6842 6862 6887 6912 7058 7103 7113 7115 7135 7143 7243 7246 7251 7333 7362 7363 7423 7442 7443 7588 7596 7695 7703 7704 7707 7940 7985 7989 8000 8042 8048 8059 8064 8197 8276 8284 8369 8468 8483 8498 8916 8926 8930 8937 8939 8955 9199 9201 9480 9481 9494 9501 9509 9523 9552 9569 9570 9584 9585 9609 9625 9646 9661 9662 9665 9670 9674 9692 9709 9737 9748 9756 9794 9796 9803 9810 9825 9829 9837 9852 9875 9910 10011 10064 10071 10076 10082 10109 10111 10131 10166 10171 10214 10215 10308 10319 10327 10364 10387 10611 10621 10630 10879 10945 11088 11145 11177 11236 11306 11328 11337 11338 11340 11366 11490 11492 11551 11817 11825 11858 11869 11890 11978 11986 12015 12040 12057 12096 12099 12111 12147 12158 12205 12207 12212 12253 12255 12257 12328 12332 12358 12363 12369 12370 12397 12414 
[1227]
The 9th cluster is
number of docs :0
The centroid is : 
[]
The 10th cluster is
number of docs :48
The centroid is : 7365 11020 4146 5554 7011 4270 5344 6742 7391 7579 9402 10003 11719 39 2961 6836 8548 9879 10620 2051 2056 6140 6410 7874 8628 8640 9336 9947 10181 10217 398 540 2503 2910 3023 4180 5934 6056 8370 9216 11134 11735 1392 1598 2005 2175 2260 2837 3077 3563 3847 4013 4810 5430 6120 7309 7538 7623 7969 8706 9134 9165 9718 10174 10845 11857 171 5177 5399 6186 6407 7949 10305 10368 11078 11107 11244 11297 105 211 316 533 1482 1543 1547 2095 2574 3240 3741 3750 4047 4372 6343 7358 7484 7787 8051 8623 8940 8943 9010 10416 10568 11215 11876 12340 134 1245 2192 2358 3850 4034 4553 6700 6757 8427 8637 9324 9649 10904 11376 11605 76 2675 2759 2944 4008 4015 5263 6245 9303 9322 10454 11161 12383 137 574 822 1537 2676 3080 3215 3308 4815 6222 6329 6796 7963 8968 10435 10562 10644 12001 339 554 1689 2052 2965 3375 3555 3979 4386 5854 6579 7094 7316 7615 8431 8550 8561 8737 9306 9772 10648 10721 11997 428 692 990 1976 2182 2353 3057 3576 3628 4116 4232 4811 5476 5784 7621 7935 8461 9310 9891 9973 10145 10198 10583 10861 10903 11025 11183 126 532 1808 2087 2756 3292 5370 6103 6255 6358 6932 8738 9244 1401 1483 2276 2911 3020 3248 3603 3679 4556 4676 6115 6244 7184 7766 8142 8636 9296 9405 9840 9876 10192 10254 10734 11444 11875 12153 89 693 1210 1213 2055 2059 2179 2626 3254 3467 3751 4024 5223 5352 5680 5902 6477 6525 6748 7744 8140 8353 8643 8947 9558 9656 10201 10474 10846 11046 11282 11354 11495 11536 11790 11901 941 2058 2239 2840 2943 3310 3915 4870 6676 6972 8508 8639 8665 8714 10155 10945 11385 11603 11856 563 937 1382 1951 2023 2151 2394 2797 2820 2827 2847 3001 3874 4007 4033 6163 6609 6749 7476 7817 8613 10533 10593 11103 1087 2204 2274 2765 3983 4182 4345 5283 5488 6685 8139 8209 9447 10592 11075 12359 77 158 172 1600 1674 2378 2677 2823 3284 3534 4220 5045 6523 8715 9116 9321 10289 10555 10561 11933 96 341 674 695 697 1582 2012 2054 2452 3916 4490 5118 6510 6572 7642 8574 8575 8622 9219 9222 9398 374 535 982 1385 1854 1864 2807 3291 3686 3731 3779 4534 4656 5120 5468 5603 6751 7281 7297 7516 7600 7775 8606 8616 8632 9042 9867 10037 10185 10371 10408 11203 11881 12272 18 1395 1931 1979 2177 2185 2206 2725 2745 3630 3894 4471 8151 8305 8970 8972 9363 9377 9808 10372 10577 10588 11211 12035 16 542 751 1924 2111 2750 2801 4463 4598 5246 5486 5532 5778 6058 6230 7349 7404 7612 8600 9026 9382 10375 10759 11209 11606 11716 11965 12044 12154 460 536 1783 1785 1860 1975 2692 4039 4953 5031 5504 5604 7140 7392 8442 10579 11574 11705 11877 12195 549 639 1760 2015 2252 3763 3793 4205 4268 4286 5247 5550 5933 6118 6229 7931 8251 9043 10005 10823 11221 30 238 531 2397 2680 2766 3618 3759 3804 4388 5472 6235 8008 8854 9142 9962 10661 11796 1601 2149 2341 2761 2785 2786 2854 2923 3476 3740 3761 5265 5324 5551 6237 6581 8477 8620 8659 9623 9809 10156 95 212 579 1908 1927 2512 2836 3060 3320 3725 3773 3800 4267 4803 5189 5220 5460 6252 6384 6500 6637 6931 7279 7282 7614 7625 8479 8647 9059 9130 9221 10177 10306 10711 10841 11742 11793 88 141 1393 1824 2813 3436 3629 3796 5244 8213 10671 11048 11099 11587 11607 11737 11887 847 958 2205 2401 2743 3246 3632 5191 5421 7172 10091 10723 10786 12189 12274 12282 486 694 1216 1270 1324 1679 2699 2744 2782 2821 3019 3560 3764 3770 4573 6236 6379 8634 8645 8841 9036 9206 9456 9611 9716 9943 10206 10429 11792 11879 12130 12263 825 2510 3528 3738 3758 3809 5705 6078 6287 7471 7521 8012 8044 8144 8385 8448 8513 8630 8694 9234 9764 9841 11403 11483 823 1135 1728 2798 2967 3148 5024 5190 5411 5770 5996 6802 6981 7275 8493 9039 9297 9323 9430 9914 9915 9916 10124 11102 11421 5763 7091 9480 10215 12207 107 580 1509 2652 2838 2907 3727 3735 3807 4271 6059 6399 6927 7310 8253 8710 9260 9986 11437 11683 12285 1128 1381 1615 1922 1959 2208 2221 2259 2278 3772 4383 5264 5572 5681 7585 8732 8740 8878 9311 9518 9576 10182 10732 10978 11478 176 365 550 551 658 998 2096 2880 2925 3256 3664 3678 3895 4376 4766 5222 5316 5487 6918 7473 8885 9589 10142 10733 11522 12235 433 673 929 1810 2007 2180 2992 3798 4899 5889 6006 6905 7300 7536 9119 9712 10419 11858 11966 794 2586 2592 5069 7143 
[83, 88, 104, 120, 161, 167, 215, 236, 337, 388, 467, 526, 552, 636, 655, 747, 834, 873, 922, 925, 964, 1028, 1076, 1082, 1087, 1118, 1126, 1154, 1177, 1190, 1223, 1236, 1252, 1253, 1256, 1260, 1290, 1292, 1298, 1355, 1362, 1363, 1365, 1378, 1398, 1412, 1491, 1500]
