The 0th cluster is
number of docs :90[25, 53, 84, 108, 110, 112, 131, 158, 196, 203, 204, 206, 209, 210, 321, 322, 323, 324, 325, 336, 338, 339, 340, 341, 342, 378, 407, 416, 442, 451, 458, 491, 512, 513, 517, 519, 521, 523, 533, 556, 562, 564, 585, 648, 650, 704, 737, 743, 750, 762, 774, 809, 847, 865, 867, 876, 880, 885, 890, 910, 998, 1018, 1084, 1102, 1149, 1152, 1163, 1164, 1167, 1174, 1185, 1215, 1255, 1278, 1280, 1294, 1296, 1305, 1306, 1322, 1323, 1324, 1373, 1375, 1436, 1444, 1446, 1461, 1463, 1499]
The 1th cluster is
number of docs :130[1, 4, 9, 12, 13, 19, 21, 23, 27, 28, 55, 56, 57, 58, 64, 66, 86, 135, 136, 137, 139, 146, 147, 168, 202, 229, 237, 240, 244, 249, 252, 255, 257, 269, 270, 272, 282, 284, 293, 328, 330, 331, 334, 335, 347, 364, 383, 391, 404, 411, 413, 414, 415, 417, 419, 423, 427, 431, 433, 437, 445, 447, 450, 453, 469, 477, 510, 522, 524, 532, 534, 553, 555, 580, 582, 584, 603, 647, 649, 658, 673, 680, 681, 682, 696, 697, 699, 700, 701, 741, 746, 753, 765, 766, 770, 772, 777, 790, 815, 819, 875, 894, 932, 933, 938, 946, 956, 976, 994, 1050, 1070, 1074, 1085, 1089, 1096, 1098, 1147, 1184, 1203, 1213, 1216, 1226, 1230, 1232, 1339, 1374, 1427, 1481, 1488, 1495]
The 2th cluster is
number of docs :88[39, 44, 98, 100, 119, 121, 149, 152, 169, 183, 194, 216, 221, 235, 243, 251, 253, 264, 305, 317, 326, 344, 348, 352, 370, 371, 372, 373, 374, 405, 438, 444, 474, 486, 493, 544, 545, 547, 550, 612, 622, 626, 630, 638, 641, 651, 668, 669, 679, 703, 712, 714, 720, 796, 817, 821, 822, 827, 830, 833, 836, 837, 905, 907, 913, 921, 942, 954, 957, 1040, 1077, 1094, 1109, 1110, 1119, 1193, 1194, 1204, 1206, 1228, 1318, 1330, 1335, 1352, 1359, 1366, 1452, 1468]
The 3th cluster is
number of docs :117[5, 7, 11, 29, 54, 65, 127, 128, 138, 144, 148, 159, 162, 164, 165, 167, 173, 175, 176, 177, 187, 188, 198, 200, 250, 256, 261, 262, 295, 302, 343, 365, 368, 385, 392, 393, 420, 424, 436, 456, 461, 465, 467, 470, 471, 476, 495, 520, 559, 565, 589, 597, 600, 605, 611, 628, 629, 631, 634, 652, 657, 694, 726, 729, 734, 757, 761, 763, 776, 783, 786, 787, 845, 848, 860, 872, 873, 883, 896, 897, 906, 937, 939, 940, 943, 945, 952, 984, 995, 1004, 1005, 1016, 1020, 1028, 1081, 1087, 1126, 1130, 1131, 1145, 1154, 1197, 1209, 1210, 1219, 1220, 1256, 1299, 1319, 1340, 1345, 1349, 1356, 1358, 1418, 1473, 1494]
The 4th cluster is
number of docs :143[111, 142, 277, 287, 292, 298, 398, 400, 403, 440, 441, 488, 499, 507, 508, 566, 568, 569, 575, 594, 595, 684, 719, 731, 742, 744, 747, 751, 758, 767, 768, 773, 775, 792, 812, 820, 839, 841, 851, 857, 861, 862, 866, 870, 874, 877, 879, 881, 882, 884, 891, 893, 924, 944, 953, 972, 977, 979, 986, 988, 992, 997, 999, 1006, 1007, 1009, 1011, 1013, 1015, 1023, 1027, 1030, 1031, 1032, 1061, 1122, 1123, 1124, 1125, 1133, 1135, 1140, 1141, 1143, 1150, 1155, 1156, 1159, 1173, 1189, 1198, 1207, 1218, 1224, 1253, 1254, 1259, 1262, 1264, 1266, 1267, 1269, 1272, 1274, 1277, 1279, 1282, 1283, 1286, 1288, 1292, 1303, 1304, 1337, 1355, 1361, 1392, 1396, 1399, 1400, 1407, 1409, 1412, 1413, 1414, 1415, 1417, 1420, 1423, 1429, 1432, 1440, 1442, 1443, 1448, 1449, 1450, 1470, 1476, 1480, 1486, 1493, 1497]
The 5th cluster is
number of docs :249[3, 6, 31, 33, 35, 37, 38, 52, 61, 63, 67, 75, 80, 106, 109, 115, 118, 120, 129, 130, 133, 134, 140, 150, 151, 155, 156, 160, 201, 205, 208, 214, 215, 217, 218, 223, 231, 232, 233, 234, 241, 245, 247, 248, 259, 260, 273, 275, 276, 286, 289, 294, 296, 327, 332, 349, 350, 351, 354, 355, 356, 357, 358, 359, 360, 361, 362, 369, 375, 376, 396, 401, 408, 412, 429, 430, 432, 434, 435, 439, 443, 454, 455, 457, 463, 466, 468, 472, 480, 481, 482, 485, 487, 492, 498, 518, 528, 536, 537, 560, 567, 573, 574, 577, 586, 587, 591, 592, 606, 633, 637, 639, 640, 642, 643, 644, 645, 646, 661, 664, 665, 667, 670, 675, 677, 683, 693, 722, 760, 771, 797, 798, 800, 801, 802, 803, 804, 805, 806, 807, 810, 813, 816, 825, 846, 850, 868, 878, 892, 898, 899, 900, 912, 914, 916, 920, 925, 926, 927, 930, 935, 941, 947, 949, 955, 963, 996, 1014, 1017, 1021, 1034, 1045, 1046, 1051, 1052, 1055, 1056, 1058, 1060, 1063, 1065, 1068, 1076, 1092, 1103, 1104, 1121, 1142, 1153, 1158, 1162, 1165, 1168, 1172, 1176, 1177, 1179, 1190, 1195, 1196, 1200, 1201, 1214, 1217, 1221, 1231, 1235, 1236, 1265, 1290, 1291, 1293, 1298, 1309, 1310, 1320, 1326, 1327, 1328, 1331, 1332, 1334, 1336, 1338, 1342, 1343, 1346, 1348, 1354, 1368, 1370, 1371, 1397, 1401, 1422, 1426, 1431, 1439, 1451, 1454, 1466, 1469, 1471, 1472, 1474, 1478, 1485, 1487, 1490]
The 6th cluster is
number of docs :80[24, 41, 60, 68, 71, 73, 74, 78, 87, 88, 113, 170, 191, 197, 207, 211, 227, 228, 230, 254, 299, 303, 346, 363, 386, 387, 390, 394, 395, 460, 526, 527, 558, 621, 625, 632, 653, 659, 662, 672, 676, 678, 688, 695, 708, 779, 784, 785, 789, 791, 793, 826, 832, 852, 901, 904, 908, 931, 948, 958, 1003, 1039, 1041, 1044, 1047, 1095, 1106, 1181, 1182, 1202, 1302, 1314, 1316, 1317, 1457, 1459, 1465, 1477, 1492, 1496]
The 7th cluster is
number of docs :77[10, 14, 124, 153, 161, 267, 291, 367, 380, 397, 421, 422, 425, 428, 459, 462, 572, 578, 581, 601, 602, 689, 725, 736, 738, 745, 756, 838, 864, 928, 975, 978, 990, 1000, 1010, 1029, 1035, 1069, 1072, 1082, 1088, 1120, 1127, 1132, 1146, 1171, 1227, 1257, 1258, 1261, 1270, 1273, 1275, 1281, 1285, 1297, 1300, 1301, 1365, 1393, 1394, 1395, 1403, 1405, 1406, 1410, 1416, 1421, 1424, 1425, 1428, 1430, 1433, 1435, 1438, 1445, 1500]
The 8th cluster is
number of docs :271[15, 20, 22, 26, 34, 42, 50, 51, 59, 62, 69, 70, 76, 77, 79, 81, 82, 85, 89, 90, 91, 94, 99, 103, 104, 107, 114, 116, 117, 122, 125, 141, 143, 145, 157, 171, 172, 174, 178, 179, 184, 185, 186, 189, 195, 212, 213, 222, 224, 226, 239, 246, 266, 268, 274, 280, 281, 285, 297, 300, 301, 307, 309, 310, 311, 312, 313, 316, 320, 337, 345, 366, 379, 381, 382, 389, 399, 402, 409, 446, 448, 452, 473, 494, 496, 497, 500, 502, 503, 505, 511, 514, 515, 516, 525, 529, 530, 531, 535, 541, 543, 548, 551, 552, 554, 576, 579, 588, 590, 593, 596, 598, 599, 604, 607, 610, 613, 614, 618, 619, 620, 623, 624, 627, 654, 656, 660, 663, 685, 686, 690, 691, 705, 706, 711, 715, 716, 721, 723, 724, 727, 739, 748, 754, 764, 769, 778, 780, 781, 782, 788, 794, 795, 808, 828, 831, 834, 835, 840, 843, 844, 849, 853, 895, 903, 915, 918, 929, 934, 936, 959, 962, 964, 967, 969, 980, 981, 982, 987, 993, 1001, 1022, 1036, 1037, 1038, 1042, 1043, 1049, 1054, 1067, 1071, 1073, 1078, 1079, 1097, 1105, 1108, 1111, 1112, 1114, 1115, 1118, 1128, 1137, 1144, 1148, 1151, 1160, 1166, 1175, 1180, 1183, 1186, 1191, 1205, 1208, 1237, 1238, 1241, 1243, 1245, 1246, 1248, 1250, 1251, 1260, 1268, 1271, 1276, 1287, 1289, 1308, 1313, 1315, 1321, 1325, 1341, 1347, 1353, 1357, 1360, 1362, 1363, 1369, 1372, 1377, 1378, 1379, 1380, 1381, 1383, 1384, 1385, 1386, 1388, 1390, 1391, 1398, 1402, 1411, 1437, 1447, 1455, 1456, 1458, 1460, 1464, 1475, 1479, 1482, 1483]
The 9th cluster is
number of docs :129[2, 8, 16, 17, 18, 30, 36, 48, 95, 105, 132, 154, 163, 190, 192, 199, 238, 258, 263, 265, 271, 278, 279, 283, 288, 290, 308, 329, 333, 377, 406, 410, 418, 426, 475, 489, 490, 504, 506, 509, 557, 563, 570, 571, 583, 609, 635, 636, 687, 692, 718, 728, 730, 732, 733, 735, 740, 759, 811, 814, 818, 823, 842, 854, 855, 856, 858, 863, 869, 871, 887, 888, 889, 911, 950, 951, 971, 973, 974, 983, 985, 989, 991, 1002, 1008, 1012, 1019, 1025, 1026, 1033, 1048, 1075, 1080, 1083, 1086, 1129, 1134, 1136, 1138, 1139, 1157, 1161, 1169, 1170, 1178, 1187, 1199, 1211, 1222, 1223, 1225, 1284, 1295, 1307, 1311, 1333, 1344, 1351, 1364, 1404, 1408, 1419, 1434, 1441, 1462, 1484, 1489, 1491, 1498]
The 10th cluster is
number of docs :126[32, 40, 43, 45, 46, 47, 49, 72, 83, 92, 93, 96, 97, 101, 102, 123, 126, 166, 180, 181, 182, 193, 219, 220, 225, 236, 242, 304, 306, 314, 315, 318, 319, 353, 384, 388, 449, 464, 478, 479, 483, 484, 501, 538, 539, 540, 542, 546, 549, 561, 608, 615, 616, 617, 655, 666, 671, 674, 698, 702, 707, 709, 710, 713, 717, 749, 752, 755, 799, 824, 829, 859, 886, 902, 909, 917, 919, 922, 923, 960, 961, 965, 966, 968, 970, 1024, 1053, 1057, 1059, 1062, 1064, 1066, 1090, 1091, 1093, 1099, 1100, 1101, 1107, 1113, 1116, 1117, 1188, 1192, 1212, 1229, 1233, 1234, 1239, 1240, 1242, 1244, 1247, 1249, 1252, 1263, 1312, 1329, 1350, 1367, 1376, 1382, 1387, 1389, 1453, 1467]
