The 0th cluster is
number of docs :2
The centroid is : 4687 8008 8640 10145 10472 11971 12001 
[1183, 1188]
The 1th cluster is
number of docs :0
The centroid is : 
[]
The 2th cluster is
number of docs :2
The centroid is : 5069 8008 11215 532 11972 
[1120, 1199]
The 3th cluster is
number of docs :3
The centroid is : 4 25 42 148 293 305 306 307 308 378 438 451 453 496 571 761 794 897 898 905 906 908 928 929 975 1001 1007 1017 1019 1040 1042 1066 1081 1125 1138 1139 1184 1185 1242 1262 1265 1297 1342 1343 1474 1513 1622 1626 1647 1655 1693 1696 1697 1698 1704 1818 1867 1878 2299 2304 2382 2410 2495 2557 2586 2587 2589 2592 2630 2779 2864 2902 3113 3136 3165 3216 3221 3297 3298 3593 3594 3638 3950 4011 4026 4027 4219 4225 4237 4242 4292 4308 4324 4325 4358 4363 4400 4415 4421 4429 4437 4439 4449 4494 4505 4527 4568 4581 4592 4635 4673 4675 4690 4711 4720 4791 4859 4907 4911 4912 4913 4993 4999 5012 5265 5622 5637 5639 5705 5707 5717 5718 5726 5735 5741 5763 5777 5778 5781 5782 5825 5834 5853 5876 5880 5888 5918 5936 5962 5986 6025 6061 6064 6091 6097 6198 6239 6241 6243 6269 6289 6308 6350 6374 6408 6433 6436 6469 6472 6503 6506 6536 6557 6558 6597 6600 6613 6621 6622 6775 6777 6819 6826 6862 6898 6901 6908 6914 6991 7048 7088 7103 7115 7135 7141 7143 7166 7216 7241 7250 7335 7361 7363 7424 7443 7469 7552 7695 7698 7750 7827 7828 7928 7929 7981 7985 7999 8001 8058 8059 8064 8068 8086 8117 8197 8276 8282 8325 8330 8369 8386 8467 8468 8930 8933 8946 9479 9480 9490 9494 9552 9572 9584 9627 9629 9646 9662 9672 9674 9693 9695 9727 9737 9756 9792 9794 9795 9816 9819 9829 9852 9910 9969 10011 10071 10082 10109 10111 10166 10179 10214 10215 10308 10319 10327 10363 10364 10380 10484 10496 10611 10618 10621 10630 10631 10633 10688 10946 11044 11060 11145 11177 11181 11206 11236 11239 11289 11305 11313 11328 11329 11337 11338 11340 11349 11490 11492 11551 11840 11842 11858 11869 11978 11986 12013 12015 12040 12076 12087 12090 12099 12114 12119 12127 12143 12158 12169 12207 12208 12212 12225 12250 12253 12257 12259 12323 12332 12337 12358 12363 12368 12380 12382 12388 12390 12393 12397 12414 1873 8008 9840 316 574 
[1088, 1089, 1139]
The 4th cluster is
number of docs :2
The centroid is : 8 26 42 148 226 267 293 306 318 329 353 378 449 450 451 452 453 732 794 853 881 882 891 893 905 920 926 948 953 955 975 996 1032 1035 1081 1204 1224 1243 1267 1290 1301 1306 1343 1513 1597 1606 1622 1629 1646 1696 1698 1701 1705 1711 1866 1874 2382 2410 2498 2554 2557 2568 2570 2585 2586 2592 2604 2706 2720 2738 3135 3156 3157 3165 3185 3198 3274 3297 3300 3384 3593 3658 3828 4016 4029 4068 4086 4209 4210 4236 4245 4261 4324 4329 4358 4368 4400 4405 4409 4415 4421 4422 4429 4449 4452 4455 4479 4501 4502 4507 4508 4579 4630 4637 4665 4675 4711 4722 4773 4775 4783 4789 4809 4820 4833 4838 4860 4879 4958 5012 5265 5544 5635 5706 5707 5711 5717 5720 5729 5736 5754 5759 5762 5763 5775 5778 5779 5780 5789 5819 5820 5856 5866 5876 5878 5883 5886 5887 5888 5912 5936 5952 5962 5967 5986 6052 6097 6135 6138 6151 6156 6193 6197 6242 6262 6263 6267 6269 6275 6291 6292 6382 6447 6506 6524 6587 6589 6598 6600 6607 6613 6618 6619 6622 6626 6627 6642 6643 6666 6717 6731 6773 6775 6862 6898 6902 6907 6973 6977 7081 7088 7090 7091 7094 7113 7115 7143 7216 7218 7221 7237 7246 7251 7294 7333 7335 7425 7475 7552 7704 7716 7828 7914 8048 8059 8064 8086 8087 8176 8197 8199 8275 8276 8302 8325 8330 8396 8468 8483 8599 8902 8919 8930 8963 8978 8983 9035 9126 9480 9509 9526 9552 9569 9595 9629 9655 9661 9721 9730 9748 9796 9810 9821 9827 9835 9836 9875 9910 9924 10011 10034 10082 10111 10171 10247 10250 10257 10320 10621 10629 10631 10652 10665 10812 10879 10946 10947 11097 11156 11177 11236 11250 11278 11292 11306 11328 11337 11349 11386 11490 11534 11751 11823 11842 11869 11894 11956 11986 12040 12076 12127 12144 12149 12159 12205 12207 12208 12255 12262 12326 12329 12332 12335 12339 12354 12362 12366 12367 12368 12369 12372 12375 12378 12382 12389 12397 5164 8008 
[553, 1179]
The 5th cluster is
number of docs :1491
The centroid is : 7365 11020 39 7358 9134 9402 4270 5399 10003 7579 7011 5554 7874 8628 5344 8640 7787 1482 6120 4146 10217 6056 10305 9336 8370 11719 12153 10181 8051 10174 316 7949 2574 11735 11418 7969 540 2056 3603 4372 10416 9840 9303 11857 8140 8561 8637 11161 532 6093 3308 6245 6742 6836 11297 4810 4180 6186 7349 9010 7963 2051 2087 8008 10145 11078 428 7484 8548 10620 574 6329 5934 9322 8940 9306 2503 8550 8968 5177 5370 10254 10721 3750 2192 105 2151 11183 8139 11901 533 2175 11417 4803 2676 10368 12383 339 4047 7538 2012 9879 10201 3563 2260 11215 6115 3077 4013 2023 2944 5045 7623 8706 3215 2095 822 2756 1689 3240 6407 7309 9296 3847 10568 2052 10904 2910 3023 5352 7391 2182 5263 2358 8947 9059 9165 9649 3686 3080 1543 8702 1598 11603 3979 1483 1395 5430 8142 4811 8574 6140 9310 8737 171 990 8623 11376 6058 6410 2837 3916 4116 4386 18 2341 10845 9718 2759 10861 6700 9405 7476 4534 8636 6748 2820 1979 7766 11933 1976 7094 2149 11203 554 3555 11244 172 6103 4676 1760 6244 8632 9382 10734 2204 3375 2059 2239 7642 4007 3915 6972 3850 11103 2965 2923 4553 11282 9216 11415 9222 639 9891 2179 6579 8427 76 2813 2836 10454 9324 8715 398 2961 6932 8431 1401 4378 9321 4008 8738 8643 11875 941 2055 10593 133 5164 158 692 2847 2111 5223 10192 1768 9377 211 7282 374 7621 7184 8630 140 3741 11075 7615 9973 10583 11099 11102 3057 7310 937 2015 2797 5933 3725 4015 5854 10155 3751 5488 1924 11186 4345 697 7493 6676 96 542 4267 5244 6523 10903 6477 3628 5283 6237 8513 7935 1927 2943 12340 3576 3254 9656 2626 2054 8943 2675 3020 7316 7279 2058 12359 4177 6757 2005 3467 12035 5220 4490 11025 6163 6581 7817 3983 1808 6118 1674 1951 4833 11107 6796 16 5504 6235 11536 5165 6343 137 4598 10446 2221 4385 2252 7172 2765 4471 9116 9867 11134 8461 1612 9772 12001 5502 10306 3320 6510 11607 9311 2786 9915 6749 9244 165 4463 1245 11965 9221 8508 1537 8209 10733 11605 1873 2153 6525 11876 9042 7744 3894 11211 9043 5118 8471 9712 1087 4268 9986 95 2353 2276 2801 11046 11423 563 11606 5784 77 549 3489 4024 9297 693 11796 1103 5246 10648 7013 11888 10577 551 868 5031 10091 6654 8970 2378 5024 5245 2796 2804 10156 11385 9962 10474 8575 12154 12263 3124 5247 11881 212 3001 12272 579 2692 5486 2907 4286 5190 88 5189 11354 1975 9025 6358 10533 4953 5161 4815 3292 4220 7775 3518 141 3632 4182 6230 9655 9808 3310 2959 4383 6927 2725 8606 8644 751 11587 575 1762 11877 5680 8878 2461 6255 1679 1783 4232 9943 11681 794 2849 7275 3679 5532 7612 3928 10841 9115 2510 8477 535 11187 2726 1213 10786 5551 9576 7025 10198 10592 2743 12044 1392 10732 4205 10472 1128 2206 3629 5191 2205 10435 1785 8600 11790 2397 5770 1393 1931 2750 10245 6500 2854 11886 10005 134 10371 7523 4573 2807 6006 831 3291 3800 1053 4039 3798 8613 9219 658 5120 2512 2846 2185 3925 4271 8485 7600 126 1382 7931 5476 9654 2777 10579 5763 1210 6572 176 3534 3248 3630 8645 9947 8622 4296 2798 8647 11737 8353 5421 365 2680 12189 7516 9715 2346 11048 1729 8707 10993 10846 11997 11437 2911 5603 10711 9234 11705 3731 3763 89 6379 4870 10534 2745 2452 7473 10289 8714 12207 8639 9917 7471 4764 5264 6229 2821 2766 8972 9447 695 11141 2650 10037 11966 8659 9247 1864 1385 5902 3476 10555 3664 10124 3926 9558 5222 2698 536 10206 6078 12285 5550 11444 8479 10177 4556 3895 8305 11221 3256 3796 7602 9914 2274 6685 6384 7480 1547 3764 9975 10759 10689 3246 4101 5379 8710 1922 10102 8511 9026 9383 1854 3793 8547 341 5460 10530 823 8797 169 8144 10561 3738 11209 3611 6751 164 2259 9117 2007 2187 3182 11856 10375 3678 9130 107 4001 3436 4380 4987 9142 11683 2785 10408 6059 1770 6252 10893 11495 6931 238 5172 6660 3790 8678 3655 11425 5572 10321 11716 9611 1959 3060 3652 4388 12181 8304 4656 3651 9841 7811 3722 6338 10872 1600 214 2744 2455 10185 2652 5889 1681 9323 5778 6609 10362 6802 7585 9119 2368 1810 10644 415 3740 2838 7802 8044 9764 9716 10142 6647 10723 2202 6236 5454 2271 8151 8620 9623 2074 2839 10372 10455 9775 11435 2783 5329 6981 2586 8129 12195 1860 2053 6399 9398 10345 2096 9171 10671 10298 10978 3019 4697 6918 1154 5519 7012 10823 6519 8028 6675 5109 7118 7133 1216 3358 6750 4156 2612 1615 5221 11935 4766 958 982 1324 6287 9101 11791 2827 2761 5664 2118 8694 11927 550 2401 3097 10103 10842 847 5997 2180 11808 227 4909 8809 3619 7140 10906 7024 2840 7734 6905 
[1, 2, 3, 4, 5, 6, 7, 8, 9, 10, 11, 12, 13, 14, 15, 16, 17, 18, 19, 20, 21, 22, 23, 24, 25, 26, 27, 28, 29, 30, 31, 32, 33, 34, 35, 36, 37, 38, 39, 40, 41, 42, 43, 44, 45, 46, 47, 48, 49, 50, 51, 52, 53, 54, 55, 56, 57, 58, 59, 60, 61, 62, 63, 64, 65, 66, 67, 68, 69, 70, 71, 72, 73, 74, 75, 76, 77, 78, 79, 80, 81, 82, 83, 84, 85, 86, 87, 88, 89, 90, 91, 92, 93, 94, 95, 96, 97, 98, 99, 100, 101, 102, 103, 104, 105, 106, 107, 108, 109, 110, 111, 112, 113, 114, 115, 116, 117, 118, 119, 120, 121, 122, 123, 124, 125, 126, 127, 128, 129, 130, 131, 132, 133, 134, 135, 136, 137, 138, 139, 140, 141, 142, 143, 144, 145, 146, 147, 148, 149, 150, 151, 152, 153, 154, 155, 156, 157, 158, 159, 160, 161, 162, 163, 164, 165, 166, 167, 168, 169, 170, 171, 172, 173, 174, 175, 176, 177, 178, 179, 180, 181, 182, 183, 184, 185, 186, 187, 188, 189, 190, 191, 192, 193, 194, 195, 196, 197, 198, 199, 200, 201, 202, 203, 204, 205, 206, 207, 208, 209, 210, 211, 212, 213, 214, 215, 216, 217, 218, 219, 220, 221, 222, 223, 224, 225, 226, 227, 228, 229, 230, 231, 232, 233, 234, 235, 236, 237, 238, 239, 240, 241, 242, 243, 244, 245, 246, 247, 248, 249, 250, 251, 252, 253, 254, 255, 256, 257, 258, 259, 260, 261, 262, 263, 264, 265, 266, 267, 268, 269, 270, 271, 272, 273, 274, 275, 276, 277, 278, 279, 280, 281, 282, 283, 284, 285, 286, 287, 288, 289, 290, 291, 292, 293, 294, 295, 296, 297, 298, 299, 300, 301, 302, 303, 304, 305, 306, 307, 308, 309, 310, 311, 312, 313, 314, 315, 316, 317, 318, 319, 320, 321, 322, 323, 324, 325, 326, 327, 328, 329, 330, 331, 332, 333, 334, 335, 336, 337, 338, 339, 340, 341, 342, 343, 344, 345, 346, 347, 348, 349, 350, 351, 352, 353, 354, 355, 356, 357, 358, 359, 360, 361, 362, 363, 364, 365, 366, 367, 368, 369, 370, 371, 372, 373, 374, 375, 376, 377, 378, 379, 380, 381, 382, 383, 384, 385, 386, 387, 388, 389, 390, 391, 392, 393, 394, 395, 396, 397, 398, 399, 400, 401, 402, 403, 404, 405, 406, 407, 408, 409, 410, 411, 412, 413, 414, 415, 416, 417, 418, 419, 420, 421, 422, 423, 424, 425, 426, 427, 428, 429, 430, 431, 432, 433, 434, 435, 436, 437, 438, 439, 440, 441, 442, 443, 444, 445, 446, 447, 448, 449, 450, 451, 452, 453, 454, 455, 456, 457, 458, 459, 460, 461, 462, 463, 464, 465, 466, 467, 468, 469, 470, 471, 472, 473, 474, 475, 476, 477, 478, 479, 480, 481, 482, 483, 484, 485, 486, 487, 488, 489, 490, 491, 492, 493, 494, 495, 496, 497, 498, 499, 500, 501, 502, 503, 504, 505, 506, 507, 508, 509, 510, 511, 512, 513, 514, 515, 516, 517, 518, 519, 520, 521, 522, 523, 524, 525, 526, 527, 528, 529, 530, 531, 532, 533, 534, 535, 536, 537, 538, 539, 540, 541, 542, 543, 544, 545, 546, 547, 548, 549, 550, 551, 552, 554, 555, 556, 557, 558, 559, 560, 561, 562, 563, 564, 565, 566, 567, 568, 569, 570, 571, 572, 573, 574, 575, 576, 577, 578, 579, 580, 581, 582, 583, 584, 585, 586, 587, 588, 589, 590, 591, 592, 593, 594, 595, 596, 597, 598, 599, 600, 601, 602, 603, 604, 605, 606, 607, 608, 609, 610, 611, 612, 613, 614, 615, 616, 617, 618, 619, 620, 621, 622, 623, 624, 625, 626, 627, 628, 629, 630, 631, 632, 633, 634, 635, 636, 637, 638, 639, 640, 641, 642, 643, 644, 645, 646, 647, 648, 649, 650, 651, 652, 653, 654, 655, 656, 657, 658, 659, 660, 661, 662, 663, 664, 665, 666, 667, 668, 669, 670, 671, 672, 673, 674, 675, 676, 677, 678, 679, 680, 681, 682, 683, 684, 685, 686, 687, 688, 689, 690, 691, 692, 693, 694, 695, 696, 697, 698, 699, 700, 701, 702, 703, 704, 705, 706, 707, 708, 709, 710, 711, 712, 713, 714, 715, 716, 717, 718, 719, 720, 721, 722, 723, 724, 725, 726, 727, 728, 729, 730, 731, 732, 733, 734, 735, 736, 737, 738, 739, 740, 741, 742, 743, 744, 745, 746, 747, 748, 749, 750, 751, 752, 753, 754, 755, 756, 757, 758, 759, 760, 761, 762, 763, 764, 765, 766, 767, 768, 769, 770, 771, 772, 773, 774, 775, 776, 777, 778, 779, 780, 781, 782, 783, 784, 785, 786, 787, 788, 789, 790, 791, 792, 793, 794, 795, 796, 797, 798, 799, 800, 801, 802, 803, 804, 805, 806, 807, 808, 809, 810, 811, 812, 813, 814, 815, 816, 817, 818, 819, 820, 821, 822, 823, 824, 825, 826, 827, 828, 829, 830, 831, 832, 833, 834, 835, 836, 837, 838, 839, 840, 841, 842, 843, 844, 845, 846, 847, 848, 849, 850, 851, 852, 853, 854, 855, 856, 857, 858, 859, 860, 861, 862, 863, 864, 865, 866, 867, 868, 869, 870, 871, 872, 873, 874, 875, 876, 877, 878, 879, 880, 881, 882, 883, 884, 885, 886, 887, 888, 889, 890, 891, 892, 893, 894, 895, 896, 897, 898, 899, 900, 901, 902, 903, 904, 905, 906, 907, 908, 909, 910, 911, 912, 913, 914, 915, 916, 917, 918, 919, 920, 921, 922, 923, 924, 925, 926, 927, 928, 929, 930, 931, 932, 933, 934, 935, 936, 937, 938, 939, 940, 941, 942, 943, 944, 945, 946, 947, 948, 949, 950, 951, 952, 953, 954, 955, 956, 957, 958, 959, 960, 961, 962, 963, 964, 965, 966, 967, 968, 969, 970, 971, 972, 973, 974, 975, 976, 977, 978, 979, 980, 981, 982, 983, 984, 985, 986, 987, 988, 989, 990, 991, 992, 993, 994, 995, 996, 997, 998, 999, 1000, 1001, 1002, 1003, 1004, 1005, 1006, 1007, 1008, 1009, 1010, 1011, 1012, 1013, 1014, 1015, 1016, 1017, 1018, 1019, 1020, 1021, 1022, 1023, 1024, 1025, 1026, 1027, 1028, 1029, 1030, 1031, 1032, 1033, 1034, 1035, 1036, 1037, 1038, 1039, 1040, 1041, 1042, 1043, 1044, 1045, 1046, 1047, 1048, 1049, 1050, 1051, 1052, 1053, 1054, 1055, 1056, 1057, 1058, 1059, 1060, 1061, 1062, 1063, 1064, 1065, 1066, 1067, 1068, 1069, 1070, 1071, 1072, 1073, 1074, 1075, 1076, 1077, 1078, 1079, 1080, 1081, 1082, 1083, 1084, 1085, 1086, 1087, 1090, 1091, 1092, 1093, 1094, 1095, 1096, 1097, 1098, 1099, 1100, 1101, 1102, 1103, 1104, 1105, 1106, 1107, 1108, 1109, 1110, 1111, 1112, 1113, 1114, 1115, 1116, 1117, 1118, 1119, 1121, 1122, 1123, 1124, 1125, 1126, 1127, 1128, 1129, 1130, 1131, 1132, 1133, 1134, 1135, 1136, 1137, 1138, 1140, 1141, 1142, 1143, 1144, 1145, 1146, 1147, 1148, 1149, 1150, 1151, 1152, 1153, 1154, 1155, 1156, 1157, 1158, 1159, 1160, 1161, 1162, 1163, 1164, 1165, 1166, 1167, 1168, 1169, 1170, 1171, 1172, 1173, 1174, 1175, 1176, 1177, 1178, 1180, 1181, 1182, 1184, 1185, 1186, 1187, 1189, 1190, 1191, 1192, 1193, 1194, 1195, 1196, 1197, 1198, 1200, 1201, 1202, 1203, 1204, 1205, 1206, 1207, 1208, 1209, 1210, 1211, 1212, 1213, 1214, 1215, 1216, 1217, 1218, 1219, 1220, 1221, 1222, 1223, 1224, 1225, 1226, 1227, 1228, 1229, 1230, 1231, 1232, 1233, 1234, 1235, 1236, 1237, 1238, 1239, 1240, 1241, 1242, 1243, 1244, 1245, 1246, 1247, 1248, 1249, 1250, 1251, 1252, 1253, 1254, 1255, 1256, 1257, 1258, 1259, 1260, 1261, 1262, 1263, 1264, 1265, 1266, 1267, 1268, 1269, 1270, 1271, 1272, 1273, 1274, 1275, 1276, 1277, 1278, 1279, 1280, 1281, 1282, 1283, 1284, 1285, 1286, 1287, 1288, 1289, 1290, 1291, 1292, 1293, 1294, 1295, 1296, 1297, 1298, 1299, 1300, 1301, 1302, 1303, 1304, 1305, 1306, 1307, 1308, 1309, 1310, 1311, 1312, 1313, 1314, 1315, 1316, 1317, 1318, 1319, 1320, 1321, 1322, 1323, 1324, 1325, 1326, 1327, 1328, 1329, 1330, 1331, 1332, 1333, 1334, 1335, 1336, 1337, 1338, 1339, 1340, 1341, 1342, 1343, 1344, 1345, 1346, 1347, 1348, 1349, 1350, 1351, 1352, 1353, 1354, 1355, 1356, 1357, 1358, 1359, 1360, 1361, 1362, 1363, 1364, 1365, 1366, 1367, 1368, 1369, 1370, 1371, 1372, 1373, 1374, 1375, 1376, 1377, 1378, 1379, 1380, 1381, 1382, 1383, 1384, 1385, 1386, 1387, 1388, 1389, 1390, 1391, 1392, 1393, 1394, 1395, 1396, 1397, 1398, 1399, 1400, 1401, 1402, 1403, 1404, 1405, 1406, 1407, 1408, 1409, 1410, 1411, 1412, 1413, 1414, 1415, 1416, 1417, 1418, 1419, 1420, 1421, 1422, 1423, 1424, 1425, 1426, 1427, 1428, 1429, 1430, 1431, 1432, 1433, 1434, 1435, 1436, 1437, 1438, 1439, 1440, 1441, 1442, 1443, 1444, 1445, 1446, 1447, 1448, 1449, 1450, 1451, 1452, 1453, 1454, 1455, 1456, 1457, 1458, 1459, 1460, 1461, 1462, 1463, 1464, 1465, 1466, 1467, 1468, 1469, 1470, 1471, 1472, 1473, 1474, 1475, 1476, 1477, 1478, 1479, 1480, 1481, 1482, 1483, 1484, 1485, 1486, 1487, 1488, 1489, 1490, 1491, 1492, 1493, 1494, 1495, 1496, 1497, 1498, 1499, 1500]
