The 0th cluster is
number of docs :71[108, 128, 144, 156, 163, 182, 187, 203, 206, 227, 283, 332, 342, 343, 357, 382, 399, 405, 428, 436, 444, 449, 509, 512, 527, 593, 602, 609, 621, 652, 668, 678, 780, 795, 801, 813, 855, 868, 872, 911, 960, 990, 995, 1027, 1045, 1049, 1061, 1071, 1101, 1132, 1148, 1178, 1188, 1199, 1276, 1289, 1308, 1311, 1330, 1331, 1370, 1404, 1405, 1408, 1418, 1441, 1447, 1462, 1463, 1467, 1483]
The 1th cluster is
number of docs :141[15, 25, 30, 31, 46, 51, 58, 68, 75, 86, 87, 91, 103, 114, 122, 157, 172, 176, 209, 212, 213, 224, 250, 254, 298, 299, 303, 312, 313, 331, 335, 336, 359, 379, 381, 384, 390, 394, 448, 495, 515, 516, 528, 533, 548, 554, 555, 559, 563, 618, 641, 643, 651, 658, 663, 665, 674, 683, 722, 770, 779, 786, 789, 791, 794, 798, 805, 812, 814, 834, 853, 896, 897, 901, 903, 904, 906, 908, 919, 926, 927, 931, 958, 959, 974, 987, 1001, 1002, 1024, 1026, 1037, 1039, 1043, 1044, 1046, 1051, 1054, 1057, 1058, 1067, 1105, 1115, 1144, 1151, 1156, 1166, 1182, 1183, 1186, 1192, 1200, 1205, 1206, 1211, 1246, 1248, 1250, 1251, 1281, 1287, 1313, 1314, 1315, 1325, 1341, 1347, 1348, 1372, 1383, 1388, 1390, 1451, 1456, 1457, 1458, 1460, 1464, 1465, 1481, 1482, 1487]
The 2th cluster is
number of docs :342[5, 7, 8, 9, 10, 13, 14, 16, 19, 24, 26, 28, 37, 40, 52, 57, 59, 64, 65, 67, 76, 82, 98, 111, 115, 116, 117, 127, 133, 134, 137, 140, 143, 148, 149, 150, 153, 160, 161, 164, 166, 167, 175, 178, 199, 201, 211, 217, 218, 243, 244, 256, 258, 263, 265, 266, 267, 271, 275, 276, 277, 280, 281, 284, 285, 286, 287, 289, 290, 291, 292, 293, 295, 304, 308, 315, 318, 321, 322, 325, 328, 329, 330, 340, 341, 345, 350, 360, 376, 380, 387, 391, 397, 398, 400, 401, 403, 406, 407, 408, 409, 410, 411, 414, 419, 422, 425, 426, 432, 440, 441, 445, 446, 450, 451, 452, 459, 480, 482, 489, 492, 493, 498, 505, 506, 507, 508, 511, 532, 536, 543, 551, 553, 557, 558, 569, 571, 576, 578, 580, 583, 585, 586, 587, 588, 589, 590, 591, 594, 595, 596, 597, 598, 599, 600, 601, 603, 604, 606, 617, 623, 648, 667, 673, 680, 687, 701, 709, 715, 716, 717, 718, 719, 720, 721, 724, 725, 727, 728, 731, 732, 741, 748, 749, 752, 755, 756, 762, 769, 773, 776, 809, 820, 822, 831, 838, 839, 840, 841, 842, 843, 845, 846, 848, 850, 851, 854, 856, 857, 858, 861, 863, 864, 871, 873, 881, 883, 884, 886, 887, 888, 900, 913, 924, 928, 938, 941, 954, 964, 971, 972, 973, 975, 977, 978, 979, 980, 981, 984, 985, 986, 989, 991, 992, 994, 999, 1004, 1007, 1010, 1013, 1016, 1019, 1022, 1023, 1028, 1030, 1035, 1041, 1060, 1066, 1102, 1111, 1112, 1114, 1121, 1122, 1123, 1125, 1127, 1128, 1130, 1134, 1136, 1138, 1143, 1145, 1146, 1149, 1153, 1157, 1158, 1160, 1161, 1162, 1168, 1169, 1170, 1173, 1176, 1177, 1189, 1196, 1197, 1203, 1207, 1213, 1216, 1227, 1229, 1236, 1253, 1254, 1257, 1259, 1262, 1263, 1264, 1266, 1268, 1269, 1272, 1278, 1282, 1285, 1292, 1296, 1299, 1306, 1307, 1309, 1334, 1339, 1365, 1371, 1374, 1378, 1392, 1397, 1399, 1400, 1401, 1402, 1407, 1409, 1412, 1413, 1419, 1429, 1434, 1442, 1448, 1500]
The 3th cluster is
number of docs :112[2, 17, 20, 21, 33, 34, 35, 53, 69, 70, 72, 73, 80, 102, 104, 118, 130, 135, 146, 147, 168, 171, 173, 174, 177, 181, 186, 208, 230, 231, 233, 288, 296, 297, 300, 302, 310, 355, 388, 393, 417, 424, 430, 439, 456, 461, 494, 496, 497, 501, 504, 514, 525, 531, 549, 565, 566, 579, 581, 582, 584, 619, 645, 656, 657, 660, 662, 677, 682, 684, 723, 747, 751, 754, 757, 765, 766, 778, 781, 783, 784, 787, 788, 802, 866, 869, 870, 909, 916, 932, 955, 1008, 1033, 1038, 1048, 1064, 1137, 1152, 1179, 1180, 1187, 1312, 1319, 1327, 1332, 1368, 1440, 1453, 1454, 1479, 1480, 1486]
The 4th cluster is
number of docs :162[6, 84, 132, 162, 188, 196, 236, 237, 238, 239, 278, 323, 333, 363, 364, 367, 385, 418, 447, 465, 467, 469, 470, 473, 488, 491, 518, 521, 523, 542, 545, 573, 611, 624, 628, 630, 631, 632, 633, 634, 635, 636, 637, 642, 697, 726, 733, 734, 735, 736, 737, 738, 739, 740, 743, 744, 745, 759, 763, 764, 775, 815, 874, 880, 882, 912, 925, 936, 937, 943, 946, 947, 949, 950, 951, 952, 953, 983, 997, 1005, 1009, 1015, 1025, 1029, 1031, 1032, 1065, 1070, 1073, 1076, 1078, 1079, 1080, 1081, 1083, 1084, 1085, 1086, 1087, 1088, 1106, 1110, 1135, 1155, 1171, 1191, 1208, 1210, 1218, 1219, 1220, 1221, 1222, 1223, 1224, 1225, 1226, 1243, 1260, 1279, 1304, 1310, 1322, 1323, 1324, 1343, 1345, 1346, 1349, 1350, 1351, 1353, 1354, 1355, 1356, 1357, 1358, 1360, 1361, 1362, 1363, 1364, 1369, 1398, 1410, 1411, 1417, 1437, 1450, 1475, 1484, 1488, 1489, 1490, 1491, 1492, 1493, 1495, 1496, 1497, 1498, 1499]
The 5th cluster is
number of docs :100[106, 109, 151, 154, 155, 260, 261, 273, 279, 294, 356, 375, 378, 421, 427, 429, 435, 443, 454, 455, 462, 481, 485, 567, 574, 592, 640, 646, 661, 675, 685, 689, 704, 771, 793, 806, 807, 823, 825, 878, 892, 899, 935, 996, 1000, 1014, 1017, 1020, 1021, 1034, 1042, 1074, 1142, 1154, 1164, 1165, 1172, 1174, 1209, 1212, 1258, 1261, 1265, 1270, 1275, 1284, 1291, 1297, 1298, 1300, 1301, 1328, 1335, 1336, 1342, 1393, 1394, 1395, 1403, 1406, 1416, 1421, 1422, 1423, 1424, 1425, 1426, 1428, 1430, 1431, 1433, 1435, 1438, 1439, 1443, 1445, 1446, 1449, 1478, 1485]
The 6th cluster is
number of docs :368[1, 3, 11, 12, 22, 27, 32, 38, 39, 41, 42, 44, 45, 47, 49, 50, 61, 63, 74, 77, 78, 79, 81, 85, 88, 89, 90, 92, 93, 94, 96, 97, 100, 101, 105, 113, 119, 120, 121, 123, 124, 125, 126, 136, 138, 141, 142, 145, 159, 165, 169, 170, 179, 180, 183, 184, 193, 195, 215, 216, 219, 220, 221, 222, 223, 225, 226, 228, 229, 232, 234, 235, 240, 241, 242, 245, 247, 248, 249, 255, 257, 259, 262, 264, 268, 269, 270, 274, 301, 306, 307, 309, 311, 316, 317, 326, 334, 339, 344, 346, 347, 348, 349, 351, 352, 353, 354, 358, 361, 365, 366, 369, 370, 371, 372, 373, 374, 383, 386, 389, 392, 396, 402, 412, 413, 415, 420, 423, 460, 463, 466, 468, 471, 472, 474, 475, 476, 477, 478, 479, 483, 484, 486, 487, 490, 499, 513, 522, 524, 526, 530, 534, 538, 539, 540, 541, 544, 547, 550, 552, 560, 568, 570, 572, 577, 605, 607, 608, 613, 614, 616, 620, 622, 625, 626, 627, 629, 638, 639, 647, 649, 655, 669, 670, 676, 679, 690, 691, 692, 693, 694, 695, 696, 698, 700, 703, 707, 708, 710, 712, 713, 714, 742, 746, 753, 760, 761, 767, 768, 785, 790, 792, 796, 797, 799, 800, 804, 808, 810, 811, 816, 817, 818, 819, 821, 824, 826, 827, 829, 830, 832, 833, 836, 837, 844, 847, 852, 859, 862, 865, 875, 879, 891, 894, 898, 902, 905, 907, 910, 914, 917, 920, 921, 922, 930, 933, 934, 940, 944, 945, 948, 956, 961, 962, 963, 965, 966, 968, 969, 970, 976, 982, 993, 1006, 1012, 1018, 1040, 1050, 1053, 1056, 1059, 1062, 1069, 1072, 1077, 1082, 1091, 1092, 1093, 1094, 1095, 1100, 1107, 1109, 1113, 1116, 1117, 1119, 1124, 1126, 1139, 1147, 1163, 1181, 1184, 1190, 1193, 1194, 1195, 1198, 1201, 1202, 1214, 1217, 1228, 1231, 1232, 1234, 1235, 1237, 1238, 1239, 1240, 1245, 1247, 1249, 1252, 1255, 1256, 1267, 1271, 1273, 1286, 1288, 1293, 1316, 1318, 1326, 1329, 1333, 1337, 1338, 1340, 1352, 1359, 1366, 1367, 1373, 1376, 1379, 1380, 1384, 1385, 1386, 1389, 1391, 1396, 1415, 1427, 1452, 1455, 1459, 1461, 1466, 1468, 1474, 1477, 1494]
The 7th cluster is
number of docs :116[29, 43, 48, 54, 55, 56, 60, 66, 95, 99, 129, 152, 189, 190, 191, 192, 200, 204, 205, 207, 214, 251, 253, 272, 282, 319, 324, 327, 362, 404, 416, 431, 433, 434, 457, 464, 500, 503, 510, 529, 535, 537, 546, 556, 561, 562, 564, 575, 610, 612, 615, 644, 650, 654, 664, 699, 702, 711, 730, 750, 758, 803, 849, 860, 885, 889, 890, 942, 957, 967, 988, 998, 1036, 1047, 1052, 1055, 1063, 1089, 1090, 1096, 1098, 1099, 1103, 1104, 1108, 1118, 1129, 1131, 1133, 1150, 1159, 1167, 1185, 1230, 1241, 1242, 1274, 1277, 1280, 1283, 1290, 1294, 1295, 1303, 1305, 1344, 1375, 1381, 1387, 1414, 1420, 1436, 1469, 1471, 1472, 1473]
The 8th cluster is
number of docs :88[4, 18, 23, 36, 62, 71, 83, 107, 110, 112, 131, 139, 158, 185, 194, 197, 198, 202, 210, 246, 252, 305, 314, 320, 337, 338, 368, 377, 395, 437, 438, 442, 453, 458, 502, 517, 519, 520, 653, 659, 666, 671, 672, 681, 686, 688, 705, 706, 729, 772, 774, 777, 782, 828, 835, 867, 876, 877, 893, 895, 915, 918, 923, 929, 939, 1003, 1011, 1068, 1075, 1097, 1120, 1140, 1141, 1175, 1204, 1215, 1233, 1244, 1302, 1317, 1320, 1321, 1377, 1382, 1432, 1444, 1470, 1476]
