The 0th cluster is
number of docs :395[7, 13, 21, 22, 23, 24, 25, 36, 48, 53, 70, 80, 84, 107, 108, 110, 111, 112, 114, 115, 118, 128, 129, 131, 135, 138, 139, 143, 145, 148, 157, 166, 172, 175, 177, 196, 197, 199, 202, 203, 206, 207, 208, 209, 210, 211, 214, 244, 246, 251, 252, 253, 256, 261, 265, 267, 270, 271, 274, 280, 281, 285, 288, 290, 292, 321, 323, 324, 325, 328, 332, 340, 358, 360, 380, 382, 383, 391, 397, 399, 400, 405, 407, 411, 413, 414, 416, 422, 424, 428, 431, 434, 436, 439, 440, 444, 445, 449, 458, 461, 478, 488, 491, 494, 495, 497, 503, 505, 506, 507, 511, 512, 514, 516, 517, 518, 519, 521, 523, 530, 533, 534, 556, 557, 558, 559, 562, 568, 569, 573, 575, 576, 577, 578, 581, 585, 587, 588, 595, 596, 597, 598, 599, 601, 602, 606, 609, 610, 641, 642, 643, 650, 658, 664, 674, 677, 678, 686, 687, 688, 689, 692, 696, 701, 704, 719, 720, 721, 723, 732, 733, 743, 744, 745, 748, 751, 757, 758, 759, 762, 763, 766, 768, 771, 772, 775, 777, 782, 790, 792, 793, 794, 800, 803, 814, 823, 825, 840, 841, 854, 861, 862, 865, 866, 867, 872, 873, 874, 877, 879, 880, 881, 882, 883, 884, 885, 886, 890, 893, 895, 906, 909, 910, 911, 916, 924, 931, 932, 953, 954, 973, 975, 976, 985, 986, 990, 992, 994, 995, 997, 998, 999, 1000, 1005, 1007, 1009, 1011, 1015, 1018, 1020, 1022, 1027, 1028, 1031, 1032, 1035, 1048, 1050, 1051, 1061, 1065, 1069, 1084, 1087, 1089, 1102, 1103, 1112, 1115, 1118, 1124, 1125, 1128, 1129, 1132, 1133, 1135, 1138, 1139, 1142, 1143, 1150, 1152, 1155, 1159, 1160, 1161, 1162, 1163, 1164, 1166, 1171, 1174, 1178, 1179, 1183, 1184, 1185, 1186, 1187, 1189, 1197, 1198, 1199, 1218, 1224, 1227, 1241, 1243, 1250, 1253, 1254, 1257, 1259, 1266, 1272, 1274, 1278, 1279, 1280, 1281, 1289, 1290, 1292, 1293, 1294, 1300, 1303, 1304, 1305, 1306, 1307, 1321, 1322, 1323, 1324, 1330, 1341, 1342, 1344, 1346, 1357, 1358, 1362, 1364, 1373, 1375, 1379, 1392, 1393, 1396, 1399, 1402, 1404, 1405, 1407, 1408, 1409, 1411, 1412, 1413, 1414, 1415, 1417, 1419, 1420, 1423, 1424, 1430, 1432, 1435, 1436, 1437, 1442, 1444, 1446, 1450, 1451, 1457, 1458, 1460, 1461, 1463, 1464, 1465, 1471, 1476, 1482, 1484, 1491, 1492, 1493, 1498, 1499, 1500]
The 1th cluster is
number of docs :118[10, 30, 52, 54, 65, 69, 71, 73, 76, 79, 86, 91, 99, 117, 120, 164, 171, 173, 174, 189, 195, 213, 217, 243, 250, 277, 286, 291, 297, 298, 299, 303, 304, 329, 381, 387, 390, 392, 401, 406, 410, 441, 446, 448, 496, 508, 527, 531, 532, 554, 555, 589, 594, 607, 645, 657, 659, 661, 662, 663, 683, 715, 741, 749, 754, 770, 776, 781, 784, 786, 787, 788, 828, 831, 843, 851, 853, 897, 904, 948, 969, 980, 981, 984, 1001, 1023, 1030, 1036, 1038, 1043, 1073, 1105, 1122, 1127, 1144, 1151, 1173, 1180, 1182, 1245, 1252, 1260, 1262, 1264, 1269, 1312, 1313, 1383, 1388, 1390, 1398, 1400, 1429, 1434, 1448, 1453, 1475, 1485]
The 2th cluster is
number of docs :110[5, 27, 55, 58, 64, 77, 85, 127, 153, 154, 158, 176, 227, 229, 238, 239, 240, 241, 245, 269, 272, 278, 284, 287, 330, 333, 335, 336, 339, 341, 347, 366, 379, 385, 418, 450, 451, 465, 470, 477, 500, 509, 528, 536, 546, 553, 564, 570, 572, 593, 603, 612, 624, 629, 636, 640, 647, 656, 681, 690, 716, 769, 774, 811, 848, 849, 876, 888, 896, 940, 943, 945, 946, 947, 952, 987, 1029, 1070, 1076, 1078, 1080, 1082, 1085, 1086, 1145, 1196, 1202, 1208, 1209, 1210, 1216, 1220, 1221, 1225, 1226, 1337, 1343, 1345, 1351, 1352, 1353, 1363, 1372, 1401, 1477, 1481, 1488, 1489, 1494, 1495]
The 3th cluster is
number of docs :245[6, 14, 15, 19, 28, 31, 106, 109, 116, 130, 132, 141, 142, 150, 151, 152, 155, 156, 160, 161, 181, 184, 204, 205, 257, 258, 259, 260, 262, 263, 264, 268, 273, 275, 276, 279, 282, 289, 293, 294, 295, 296, 310, 322, 327, 342, 375, 378, 398, 403, 404, 409, 412, 415, 417, 419, 421, 426, 427, 429, 430, 432, 433, 443, 453, 454, 455, 463, 480, 481, 489, 492, 493, 498, 502, 510, 515, 524, 525, 537, 565, 566, 567, 574, 580, 582, 586, 590, 592, 623, 627, 646, 648, 652, 653, 665, 667, 673, 675, 684, 685, 722, 725, 728, 731, 735, 742, 747, 752, 755, 756, 760, 761, 764, 767, 773, 778, 780, 791, 802, 806, 807, 813, 815, 820, 838, 839, 842, 844, 846, 847, 855, 860, 868, 869, 870, 878, 887, 891, 892, 899, 900, 912, 915, 923, 928, 935, 937, 938, 941, 955, 965, 966, 970, 972, 977, 978, 979, 996, 1010, 1014, 1017, 1019, 1021, 1024, 1034, 1046, 1047, 1053, 1056, 1067, 1068, 1071, 1074, 1088, 1099, 1121, 1123, 1136, 1141, 1146, 1153, 1156, 1157, 1158, 1165, 1168, 1172, 1175, 1203, 1205, 1212, 1214, 1258, 1261, 1265, 1270, 1275, 1282, 1283, 1284, 1286, 1288, 1291, 1296, 1298, 1301, 1315, 1320, 1326, 1328, 1334, 1335, 1336, 1339, 1354, 1370, 1371, 1374, 1382, 1385, 1394, 1395, 1397, 1403, 1406, 1410, 1416, 1418, 1421, 1425, 1426, 1427, 1431, 1433, 1439, 1440, 1443, 1445, 1449, 1478, 1479, 1480, 1486, 1487]
The 4th cluster is
number of docs :98[2, 4, 8, 29, 35, 56, 63, 75, 113, 122, 133, 147, 167, 218, 223, 233, 248, 249, 266, 311, 338, 346, 351, 354, 355, 356, 357, 359, 425, 452, 462, 468, 485, 490, 504, 571, 579, 600, 619, 666, 682, 693, 746, 765, 801, 804, 805, 809, 812, 816, 871, 917, 927, 974, 989, 1008, 1012, 1016, 1045, 1052, 1054, 1055, 1060, 1063, 1091, 1097, 1140, 1149, 1167, 1170, 1176, 1177, 1190, 1191, 1201, 1207, 1249, 1277, 1287, 1295, 1297, 1302, 1308, 1309, 1314, 1327, 1331, 1332, 1348, 1422, 1428, 1438, 1467, 1469, 1470, 1472, 1473, 1474]
The 5th cluster is
number of docs :347[1, 3, 9, 11, 12, 17, 18, 20, 26, 32, 33, 37, 38, 39, 49, 57, 60, 66, 67, 72, 74, 83, 89, 90, 92, 93, 102, 103, 104, 105, 119, 123, 124, 125, 126, 134, 136, 137, 140, 144, 146, 149, 159, 162, 165, 168, 170, 179, 186, 187, 188, 190, 192, 194, 198, 200, 201, 215, 216, 219, 220, 221, 225, 226, 230, 231, 232, 234, 235, 236, 237, 242, 247, 254, 255, 283, 300, 301, 302, 305, 306, 307, 309, 312, 316, 317, 319, 320, 326, 334, 337, 343, 349, 350, 361, 362, 363, 364, 365, 367, 368, 369, 372, 373, 374, 377, 386, 393, 394, 395, 402, 408, 420, 423, 435, 437, 438, 442, 456, 457, 466, 467, 469, 471, 472, 473, 474, 475, 476, 482, 483, 484, 486, 487, 499, 501, 513, 520, 522, 529, 535, 538, 540, 549, 551, 560, 563, 583, 584, 591, 604, 605, 608, 611, 616, 620, 626, 628, 630, 631, 632, 633, 634, 635, 637, 638, 639, 644, 649, 651, 654, 669, 670, 671, 672, 676, 679, 680, 694, 697, 699, 700, 703, 708, 713, 717, 724, 726, 729, 730, 734, 736, 737, 739, 740, 750, 753, 779, 783, 795, 796, 797, 798, 799, 808, 810, 817, 818, 819, 824, 826, 832, 834, 835, 836, 845, 852, 856, 858, 863, 864, 875, 889, 894, 898, 907, 908, 914, 918, 919, 920, 921, 922, 929, 930, 933, 934, 936, 939, 942, 944, 949, 950, 951, 956, 963, 964, 968, 971, 982, 983, 988, 991, 993, 1002, 1003, 1004, 1006, 1013, 1025, 1026, 1033, 1041, 1042, 1066, 1072, 1077, 1079, 1081, 1083, 1093, 1095, 1096, 1098, 1100, 1104, 1106, 1110, 1111, 1114, 1126, 1130, 1131, 1134, 1137, 1147, 1154, 1181, 1194, 1195, 1200, 1204, 1211, 1213, 1217, 1219, 1222, 1223, 1228, 1229, 1230, 1231, 1232, 1233, 1234, 1235, 1236, 1238, 1239, 1244, 1251, 1255, 1256, 1267, 1268, 1271, 1273, 1276, 1285, 1299, 1310, 1316, 1318, 1319, 1333, 1338, 1340, 1349, 1350, 1356, 1359, 1360, 1365, 1367, 1368, 1376, 1380, 1381, 1441, 1454, 1455, 1459, 1462, 1466, 1490, 1496, 1497]
The 6th cluster is
number of docs :187[16, 34, 40, 41, 42, 43, 44, 45, 46, 47, 50, 51, 59, 61, 62, 68, 78, 81, 82, 87, 88, 94, 95, 96, 97, 98, 100, 101, 121, 163, 169, 178, 180, 182, 183, 185, 191, 193, 212, 222, 224, 228, 308, 313, 314, 315, 318, 331, 344, 345, 348, 352, 353, 370, 371, 376, 384, 388, 389, 396, 447, 459, 460, 464, 479, 526, 539, 541, 542, 543, 544, 545, 547, 548, 550, 552, 561, 613, 614, 615, 617, 618, 621, 622, 625, 655, 660, 668, 691, 695, 698, 702, 705, 706, 707, 709, 710, 711, 712, 714, 718, 727, 738, 785, 789, 821, 822, 827, 829, 830, 833, 837, 850, 857, 859, 901, 902, 903, 905, 913, 925, 926, 957, 958, 959, 960, 961, 962, 967, 1037, 1039, 1040, 1044, 1049, 1057, 1058, 1059, 1062, 1064, 1075, 1090, 1092, 1094, 1101, 1107, 1108, 1109, 1113, 1116, 1117, 1119, 1120, 1148, 1169, 1188, 1192, 1193, 1206, 1215, 1237, 1240, 1242, 1246, 1247, 1248, 1263, 1311, 1317, 1325, 1329, 1347, 1355, 1361, 1366, 1369, 1377, 1378, 1384, 1386, 1387, 1389, 1391, 1447, 1452, 1456, 1468, 1483]
