The 0th cluster is
number of docs :2
The centroid is : 6 42 102 267 288 293 306 327 329 331 353 439 451 452 582 661 794 882 891 893 928 954 976 979 1017 1032 1035 1049 1076 1081 1162 1199 1218 1219 1222 1248 1267 1269 1448 1475 1629 1647 1658 1698 1786 1890 2375 2498 2554 2557 2586 2588 2604 2732 2738 2779 3125 3145 3236 3298 3593 3595 3828 3950 4207 4212 4304 4321 4325 4361 4368 4409 4421 4426 4448 4455 4479 4495 4508 4540 4594 4608 4632 4637 4665 4691 4711 4726 4775 4777 4833 4895 4903 4928 4941 4961 5265 5707 5708 5717 5718 5730 5762 5763 5764 5778 5781 5782 5870 5878 5888 5911 5936 5953 5965 5975 6044 6091 6097 6135 6168 6184 6199 6262 6269 6405 6506 6518 6570 6584 6588 6600 6622 6627 6679 6715 6740 6741 6775 6777 6862 6898 6977 6991 7088 7089 7095 7115 7143 7166 7221 7335 7829 7929 7992 7997 8048 8059 8062 8086 8087 8197 8199 8223 8276 8369 8386 8396 8483 8867 8930 8939 9200 9480 9533 9552 9569 9571 9585 9587 9671 9718 9721 9722 9724 9828 9835 9907 9910 9982 9990 10171 10216 10320 10327 10340 10480 10496 10574 10621 10812 10857 11049 11056 11074 11085 11146 11156 11177 11181 11236 11289 11338 11385 11858 11956 11977 12029 12076 12083 12128 12149 12163 12168 12171 12181 12212 12224 12323 12329 12363 12369 12388 12390 12416 4 8 25 148 205 307 308 378 394 395 453 731 761 787 897 907 908 929 955 975 1007 1021 1036 1125 1139 1211 1231 1242 1252 1257 1271 1297 1322 1347 1354 1406 1513 1595 1622 1634 1646 1655 1672 1695 1696 1718 1776 1871 2302 2382 2384 2449 2461 2495 2544 2546 2553 2567 2592 2707 2737 3119 3136 3155 3156 3294 3297 3594 3638 4171 4210 4225 4228 4241 4242 4301 4324 4329 4353 4356 4415 4422 4428 4429 4437 4527 4539 4552 4581 4592 4648 4652 4675 4690 4731 4760 4772 4781 4809 4859 4865 4868 4911 4929 4950 4994 4999 5012 5091 5635 5637 5639 5641 5649 5691 5705 5706 5711 5731 5741 5753 5759 5775 5779 5804 5814 5856 5864 5873 5877 5918 5919 5938 5947 5986 6137 6138 6153 6167 6198 6239 6243 6268 6292 6346 6406 6472 6492 6517 6521 6536 6557 6578 6620 6626 6635 6723 6773 6886 6888 6891 7044 7091 7113 7215 7241 7243 7246 7248 7250 7361 7363 7423 7432 7442 7443 7449 7527 7588 7596 7695 7698 7703 7721 7750 8049 8095 8114 8274 8282 8284 8330 8468 8498 8599 8818 8916 8926 8955 8983 9461 9584 9625 9645 9646 9661 9665 9672 9674 9696 9699 9709 9737 9747 9756 9792 9816 9852 9875 9936 9969 10027 10049 10064 10109 10111 10180 10214 10215 10317 10319 10364 10382 10387 10391 10392 10617 10831 10945 10946 11088 11145 11180 11305 11306 11328 11340 11345 11349 11490 11492 11589 11622 11890 11978 12040 12075 12092 12099 12143 12157 12178 12196 12207 12208 12225 12253 12255 12257 12356 12357 12358 12364 12368 12381 12382 12391 12414 12417 
[86, 1365]
The 1th cluster is
number of docs :0
The centroid is : 
[]
The 2th cluster is
number of docs :1483
The centroid is : 7365 11020 39 7358 9134 9402 4270 5399 10003 7579 7011 5554 7874 8628 5344 8640 7787 1482 6120 4146 10217 10305 6056 9336 8370 11719 12153 10181 8051 10174 316 7949 2574 11735 11418 7969 540 2056 3603 4372 10416 9303 9840 11857 8140 8561 8637 11161 532 3308 6093 6245 6742 11297 6836 4180 4810 9010 6186 7349 7963 2051 2087 8008 10145 11078 428 8548 7484 10620 574 6329 8940 5934 9322 9306 2503 8550 8968 5177 5370 10254 3750 10721 2151 2192 105 8139 11183 11901 533 2175 11417 4803 2676 4047 10368 12383 339 2012 7538 9879 10201 3563 11215 2260 3077 6115 4013 2023 2944 7623 5045 8706 3215 2095 9296 822 2756 3847 7309 3240 1689 6407 3023 2910 5352 10568 2052 10904 7391 2182 5263 2358 8947 9649 9059 9165 3686 3080 1543 8702 1483 11603 1598 3979 8142 1395 5430 4811 8574 6140 9310 8737 171 11376 990 2837 8623 6058 6410 18 2341 4386 3916 4116 10845 9718 2759 10861 6700 7476 9405 2820 8636 4534 6748 7766 1979 11933 1976 2149 7094 554 11203 172 3555 6103 11244 4676 1760 6244 8632 9382 10734 2204 3375 3850 7642 2059 11415 2239 4007 2965 11103 3915 6972 2923 9216 11282 4553 2179 9222 9891 639 76 6579 2813 8427 2836 10454 9324 1401 8715 398 8431 2961 6932 11875 8738 4378 9321 4008 8643 133 692 10593 158 941 2055 5164 2847 5223 2111 10192 211 1768 9377 374 7282 7621 7184 3741 8630 140 9973 11075 7615 10583 11099 11102 2015 3057 7310 937 3725 5933 2797 10155 4015 5854 3751 5488 11186 1924 6676 4345 7493 542 697 5244 96 4267 6523 7935 10903 6477 1927 3628 5283 6237 8513 9656 2943 12340 3254 3576 3020 2626 2054 8943 2675 7316 12359 7279 2058 4177 6757 2005 3467 5220 12035 6581 11025 4490 7817 6118 6163 3983 1808 1674 6796 11107 1951 4833 6235 16 6343 5504 11536 8461 5165 137 2252 4598 4471 2221 10446 4385 11134 7172 9116 9867 2765 6510 9772 1612 12001 5502 10306 3320 9311 11607 2786 4463 6749 9915 9244 165 8209 11965 1245 11605 9221 2153 8508 1537 10733 6525 7744 1873 11876 9042 9043 3894 11211 8471 5118 9712 1087 2353 2801 4268 95 9986 11046 11423 2276 5784 9297 11606 563 77 1103 549 3489 11796 4024 693 10648 5246 7013 11888 10577 551 868 10091 5031 6654 8970 2378 2804 2692 5024 2796 5245 10156 10474 12263 9962 11385 8575 12154 5247 212 3124 12272 11881 3001 5190 5486 579 4286 2907 9025 5189 10533 88 1975 4220 6358 11354 4953 5161 7775 4815 3292 4182 6230 141 3518 3632 8644 9655 9808 3310 2725 2959 6927 4383 1762 8606 575 751 11587 6255 9943 8878 11877 5680 1679 2461 2849 1783 11681 7275 3928 4232 9115 11187 7612 3679 5532 10841 2510 8477 535 2726 794 1213 5551 1392 10786 12044 7025 9576 10472 10198 2743 10592 10732 1128 4205 10435 3629 2206 5191 2205 11790 1785 2397 8600 5770 1393 1931 134 6500 2750 10245 2854 11886 10005 831 10371 3800 4573 7523 2807 6006 8613 1053 9219 3291 3798 4039 8485 658 2512 4271 5120 2185 7931 1382 2846 3925 7600 126 5476 9654 10579 2777 2798 1210 6572 3534 9715 176 3248 3630 9947 8622 8645 11737 8647 4296 5763 5421 8353 11437 365 2680 12189 7516 2346 11048 1729 8707 5603 10846 10993 11997 9234 10711 2911 8639 11705 3731 89 2452 3763 10534 6379 4870 2745 7473 10289 8714 9917 7471 4764 5264 6229 2766 2821 9447 12207 8972 11141 9247 695 10037 11966 2650 8659 10555 1864 5902 1385 3476 3664 3926 10124 9558 5222 5550 2698 536 8479 10206 6078 12285 10177 11444 4556 4101 3256 3895 6384 8305 9975 11221 3796 6685 7602 9914 2274 8797 7480 3764 10759 1547 10689 3246 5379 8710 1922 5460 8511 10102 341 9026 9383 10530 3793 1854 8547 169 823 8144 10561 9117 3611 3738 2007 164 6751 11209 2187 2259 9130 11856 107 10375 3182 4987 3678 4001 3436 4380 10408 11683 6252 9142 2785 6931 10893 1770 6059 11495 238 6660 3790 5172 3060 3655 11425 1959 8678 11716 9611 5572 10321 3652 9841 4388 2368 3651 8304 4656 12181 6338 7811 1600 3722 10872 2744 214 1681 2455 5889 2652 9323 10185 9716 10362 1810 6609 6802 7585 8044 9119 415 10644 3740 10723 6647 9764 5778 10142 2838 7802 8620 2202 6236 8151 5454 2271 9623 2074 2839 10372 2783 10455 5329 9775 11435 12195 6981 8129 1860 6399 2053 9398 10345 1154 2096 3019 9171 10671 8028 10298 10978 2612 4697 6918 6519 982 2586 5519 7012 10823 5221 1216 4156 1324 6675 5109 8251 10842 4766 7133 6750 7118 3358 958 11935 1615 8694 2118 9101 11791 2827 6287 11927 7140 2761 5664 2180 3097 2401 550 3619 10103 5997 4909 8082 8809 847 11808 227 10906 2914 7024 2840 7734 2784 3779 6905 3631 10853 
[1, 2, 3, 4, 5, 6, 7, 8, 9, 10, 11, 12, 13, 14, 15, 16, 17, 18, 19, 20, 21, 22, 23, 24, 25, 26, 27, 28, 29, 30, 31, 32, 33, 34, 35, 36, 37, 38, 39, 40, 41, 42, 43, 44, 45, 46, 47, 48, 49, 50, 51, 52, 53, 54, 55, 56, 57, 58, 59, 60, 61, 62, 63, 64, 65, 66, 67, 68, 69, 70, 71, 72, 73, 74, 75, 76, 77, 78, 79, 80, 81, 82, 83, 84, 85, 87, 88, 89, 90, 91, 92, 93, 94, 95, 96, 97, 98, 99, 100, 101, 102, 103, 104, 105, 106, 107, 108, 109, 110, 111, 112, 113, 114, 115, 116, 117, 118, 119, 120, 121, 122, 123, 124, 125, 126, 127, 128, 129, 130, 131, 132, 133, 134, 135, 136, 137, 138, 139, 140, 141, 142, 143, 144, 145, 146, 147, 148, 149, 150, 151, 152, 153, 154, 155, 156, 157, 158, 159, 160, 161, 162, 163, 164, 165, 166, 167, 168, 169, 170, 171, 172, 173, 174, 175, 176, 177, 178, 179, 180, 181, 182, 183, 184, 185, 186, 187, 188, 189, 190, 191, 192, 193, 194, 195, 196, 197, 198, 199, 200, 201, 202, 203, 204, 205, 206, 207, 208, 209, 210, 211, 212, 213, 214, 215, 216, 217, 218, 219, 220, 221, 222, 223, 224, 225, 226, 227, 228, 229, 230, 231, 232, 233, 234, 235, 236, 237, 238, 239, 240, 241, 242, 243, 244, 245, 246, 247, 248, 249, 250, 251, 252, 253, 254, 255, 256, 257, 258, 259, 260, 261, 262, 263, 264, 265, 266, 267, 268, 269, 270, 271, 272, 273, 274, 275, 276, 277, 278, 279, 280, 281, 282, 283, 284, 285, 286, 287, 288, 289, 290, 291, 292, 293, 294, 295, 296, 297, 298, 299, 300, 301, 302, 303, 304, 305, 306, 307, 308, 309, 310, 311, 312, 313, 314, 315, 316, 317, 318, 319, 320, 321, 322, 323, 324, 325, 326, 327, 328, 329, 330, 331, 332, 333, 334, 335, 336, 337, 338, 339, 340, 341, 342, 343, 344, 345, 346, 347, 348, 349, 350, 351, 352, 353, 354, 355, 356, 357, 358, 359, 360, 361, 362, 363, 364, 365, 366, 367, 368, 369, 370, 371, 372, 373, 374, 375, 376, 377, 378, 379, 380, 381, 382, 383, 384, 385, 386, 387, 388, 389, 390, 391, 392, 393, 394, 395, 396, 397, 398, 399, 400, 401, 402, 403, 404, 405, 406, 407, 408, 409, 410, 411, 412, 413, 414, 415, 416, 417, 418, 419, 420, 421, 422, 423, 424, 425, 426, 427, 428, 429, 430, 431, 432, 433, 434, 435, 436, 437, 438, 439, 440, 441, 442, 443, 444, 445, 446, 447, 448, 449, 450, 451, 452, 453, 454, 455, 456, 457, 458, 459, 460, 461, 462, 463, 464, 465, 466, 467, 468, 469, 470, 471, 472, 473, 474, 475, 476, 477, 478, 479, 480, 481, 482, 483, 484, 485, 486, 487, 488, 489, 490, 491, 492, 493, 494, 495, 496, 497, 498, 499, 500, 501, 502, 503, 504, 505, 506, 507, 508, 509, 510, 511, 512, 513, 514, 515, 516, 517, 518, 519, 520, 521, 522, 523, 524, 525, 526, 527, 528, 529, 530, 531, 532, 533, 534, 535, 536, 537, 538, 539, 540, 541, 542, 543, 544, 545, 546, 547, 548, 549, 550, 551, 552, 554, 555, 556, 557, 558, 559, 560, 561, 562, 563, 564, 565, 566, 567, 568, 569, 570, 571, 572, 573, 574, 575, 576, 577, 578, 579, 580, 581, 582, 583, 584, 585, 586, 587, 588, 589, 590, 591, 592, 593, 594, 595, 596, 597, 598, 599, 600, 601, 602, 603, 604, 605, 606, 607, 608, 609, 610, 611, 612, 613, 614, 615, 616, 617, 618, 619, 620, 621, 622, 623, 624, 625, 626, 627, 628, 629, 630, 631, 632, 633, 634, 635, 636, 637, 638, 639, 640, 641, 642, 643, 644, 645, 646, 647, 648, 649, 650, 651, 652, 653, 654, 655, 656, 657, 658, 659, 660, 661, 662, 663, 664, 665, 666, 667, 668, 669, 670, 671, 672, 673, 674, 675, 676, 677, 678, 679, 680, 681, 682, 683, 684, 685, 686, 687, 688, 689, 690, 691, 692, 693, 694, 695, 696, 697, 698, 699, 700, 701, 702, 703, 704, 705, 706, 707, 708, 709, 710, 711, 712, 713, 714, 715, 716, 717, 718, 719, 720, 721, 722, 723, 724, 725, 726, 727, 728, 729, 730, 731, 732, 733, 734, 735, 736, 737, 738, 739, 740, 741, 742, 743, 744, 745, 746, 747, 748, 749, 750, 751, 752, 753, 754, 755, 756, 757, 758, 759, 760, 761, 762, 763, 764, 765, 766, 767, 768, 769, 770, 771, 772, 773, 774, 775, 776, 777, 778, 779, 780, 781, 782, 783, 784, 785, 786, 787, 788, 789, 790, 791, 792, 793, 794, 795, 796, 797, 798, 799, 800, 801, 802, 803, 804, 805, 806, 807, 808, 809, 810, 811, 812, 813, 814, 815, 816, 817, 818, 820, 821, 822, 823, 824, 825, 826, 827, 828, 829, 830, 831, 832, 833, 834, 835, 836, 837, 838, 839, 840, 841, 842, 843, 844, 845, 846, 847, 848, 849, 850, 851, 852, 853, 854, 855, 856, 857, 858, 859, 860, 861, 862, 863, 864, 865, 866, 867, 868, 869, 870, 871, 872, 873, 874, 875, 876, 877, 878, 879, 880, 881, 882, 883, 884, 885, 886, 887, 888, 889, 890, 891, 892, 893, 894, 895, 896, 897, 898, 899, 900, 901, 902, 903, 904, 905, 906, 907, 908, 909, 910, 911, 912, 913, 914, 915, 916, 917, 918, 919, 920, 921, 922, 923, 924, 925, 926, 927, 928, 929, 930, 931, 932, 933, 934, 935, 936, 937, 938, 939, 940, 941, 942, 943, 944, 945, 946, 947, 948, 949, 950, 951, 952, 953, 955, 956, 957, 958, 959, 960, 961, 962, 963, 964, 965, 966, 967, 968, 969, 970, 971, 972, 973, 974, 975, 976, 977, 978, 979, 980, 981, 982, 983, 984, 985, 986, 987, 988, 989, 990, 991, 992, 993, 994, 995, 996, 997, 998, 999, 1000, 1001, 1002, 1003, 1004, 1005, 1006, 1007, 1008, 1009, 1010, 1011, 1012, 1013, 1014, 1015, 1016, 1017, 1018, 1019, 1020, 1021, 1022, 1023, 1024, 1025, 1026, 1027, 1028, 1029, 1030, 1031, 1032, 1033, 1034, 1035, 1036, 1037, 1038, 1039, 1040, 1041, 1042, 1043, 1044, 1045, 1046, 1047, 1048, 1049, 1050, 1051, 1052, 1053, 1054, 1055, 1056, 1057, 1058, 1059, 1060, 1061, 1062, 1063, 1064, 1065, 1066, 1067, 1068, 1069, 1070, 1071, 1072, 1073, 1074, 1075, 1076, 1077, 1078, 1079, 1080, 1081, 1082, 1083, 1084, 1085, 1086, 1087, 1090, 1091, 1092, 1093, 1094, 1095, 1096, 1097, 1098, 1099, 1100, 1101, 1102, 1103, 1105, 1106, 1107, 1108, 1109, 1110, 1111, 1112, 1113, 1114, 1115, 1116, 1117, 1118, 1119, 1121, 1122, 1123, 1124, 1125, 1126, 1127, 1128, 1129, 1130, 1131, 1132, 1133, 1134, 1135, 1136, 1137, 1138, 1140, 1141, 1142, 1143, 1144, 1145, 1146, 1147, 1148, 1149, 1150, 1151, 1152, 1153, 1154, 1155, 1156, 1157, 1158, 1159, 1160, 1161, 1162, 1163, 1164, 1165, 1166, 1167, 1168, 1169, 1170, 1171, 1172, 1173, 1174, 1175, 1176, 1177, 1178, 1180, 1181, 1182, 1184, 1185, 1186, 1187, 1189, 1190, 1191, 1192, 1193, 1194, 1195, 1196, 1197, 1198, 1200, 1201, 1202, 1203, 1204, 1205, 1206, 1207, 1208, 1209, 1210, 1211, 1212, 1213, 1214, 1215, 1216, 1218, 1219, 1220, 1221, 1222, 1223, 1224, 1225, 1226, 1228, 1229, 1230, 1231, 1232, 1233, 1234, 1235, 1236, 1237, 1238, 1239, 1240, 1241, 1242, 1243, 1244, 1245, 1246, 1247, 1248, 1249, 1250, 1251, 1252, 1253, 1254, 1255, 1256, 1257, 1258, 1259, 1260, 1261, 1262, 1263, 1264, 1265, 1266, 1267, 1268, 1269, 1270, 1271, 1272, 1273, 1274, 1275, 1276, 1277, 1278, 1279, 1280, 1281, 1282, 1283, 1284, 1285, 1286, 1287, 1288, 1289, 1290, 1291, 1292, 1293, 1294, 1295, 1296, 1297, 1298, 1299, 1300, 1301, 1302, 1303, 1304, 1305, 1306, 1307, 1308, 1309, 1310, 1311, 1312, 1313, 1314, 1315, 1316, 1317, 1318, 1319, 1320, 1321, 1322, 1323, 1324, 1325, 1326, 1327, 1328, 1329, 1330, 1331, 1332, 1333, 1334, 1335, 1336, 1337, 1338, 1339, 1340, 1341, 1342, 1343, 1344, 1345, 1346, 1347, 1348, 1349, 1350, 1351, 1352, 1353, 1354, 1355, 1356, 1357, 1358, 1359, 1360, 1361, 1362, 1363, 1364, 1366, 1367, 1368, 1369, 1370, 1371, 1372, 1373, 1374, 1375, 1376, 1377, 1378, 1379, 1380, 1381, 1382, 1383, 1384, 1385, 1386, 1387, 1388, 1389, 1390, 1391, 1392, 1393, 1394, 1395, 1396, 1397, 1398, 1399, 1400, 1401, 1402, 1403, 1404, 1405, 1406, 1407, 1408, 1409, 1410, 1411, 1412, 1413, 1414, 1415, 1416, 1417, 1418, 1419, 1420, 1421, 1422, 1423, 1424, 1425, 1426, 1427, 1428, 1429, 1430, 1431, 1432, 1433, 1434, 1435, 1436, 1437, 1438, 1439, 1440, 1441, 1442, 1443, 1444, 1445, 1446, 1447, 1448, 1449, 1450, 1451, 1452, 1453, 1454, 1455, 1456, 1457, 1458, 1459, 1460, 1461, 1462, 1463, 1464, 1465, 1466, 1467, 1468, 1469, 1470, 1471, 1472, 1473, 1474, 1475, 1476, 1477, 1478, 1479, 1480, 1481, 1482, 1483, 1484, 1485, 1486, 1487, 1488, 1489, 1490, 1491, 1492, 1493, 1494, 1495, 1496, 1497, 1498, 1499]
The 3th cluster is
number of docs :2
The centroid is : 42 148 267 305 306 307 308 353 438 447 451 452 453 496 503 657 794 853 882 891 893 897 912 926 929 975 1001 1017 1026 1041 1081 1122 1125 1211 1230 1242 1243 1255 1256 1262 1267 1297 1301 1322 1343 1344 1345 1475 1513 1597 1655 1659 1693 1696 1697 1698 1707 1711 1747 1776 1871 1874 1878 2304 2327 2367 2382 2410 2453 2554 2557 2567 2586 2589 2592 2604 2630 2707 2890 2902 2954 3135 3136 3156 3165 3185 3216 3281 3293 3297 3593 3606 3614 3828 3909 3934 3944 3950 3951 4016 4026 4086 4214 4245 4324 4409 4421 4422 4429 4437 4449 4494 4508 4541 4587 4635 4645 4668 4673 4690 4702 4713 4720 4721 4722 4724 4784 4833 4859 4875 4883 4907 4911 4912 4913 4967 5265 5705 5706 5707 5708 5717 5726 5728 5753 5759 5763 5775 5778 5779 5781 5782 5809 5811 5819 5820 5821 5824 5857 5876 5878 5898 5903 5918 5921 5924 5926 5936 5962 5970 5972 5984 5986 6054 6091 6135 6137 6138 6139 6151 6159 6168 6241 6267 6269 6292 6435 6472 6503 6524 6527 6528 6529 6541 6554 6569 6587 6598 6599 6622 6626 6665 6714 6731 6740 6775 6862 6887 6892 6896 6908 6914 6991 7091 7115 7135 7143 7169 7220 7221 7232 7250 7333 7363 7423 7425 7449 7450 7552 7596 7688 7716 7846 7914 7929 7944 7946 7954 8048 8059 8087 8090 8092 8096 8114 8167 8176 8197 8222 8264 8276 8282 8284 8330 8396 8468 8579 8599 8915 8919 8926 8930 8946 8955 9162 9455 9461 9479 9480 9523 9552 9555 9569 9587 9593 9594 9629 9661 9672 9674 9685 9721 9725 9737 9748 9756 9816 9820 9827 9828 9831 9835 9837 9875 9910 9969 9989 10011 10027 10071 10085 10108 10109 10121 10171 10215 10234 10257 10272 10279 10317 10327 10364 10381 10387 10392 10462 10480 10484 10611 10618 10621 10631 10665 10742 10812 10880 10946 10947 11023 11045 11145 11156 11162 11177 11236 11250 11289 11328 11329 11337 11340 11490 11492 11547 11554 11622 11844 11903 11911 12040 12076 12090 12092 12114 12150 12207 12210 12253 12255 12332 12346 12363 12382 12389 12414 4 293 378 395 470 644 761 885 905 906 907 908 924 928 955 959 1007 1019 1036 1138 1265 1271 1306 1342 1378 1455 1456 1605 1622 1634 1673 1695 1718 2302 2323 2419 2447 2448 2449 2546 2553 2732 2779 2864 2904 3084 3123 3143 3155 3217 3346 3645 4038 4053 4218 4225 4228 4237 4301 4325 4368 4415 4438 4496 4514 4539 4580 4648 4649 4652 4760 4762 4781 4785 4928 4929 4964 4993 5012 5069 5635 5639 5720 5731 5754 5764 5780 5814 5848 5864 5867 5888 5947 6197 6268 6433 6445 6481 6557 6570 6573 6578 6584 6588 6597 6600 6635 6679 6706 6711 6715 6772 6773 6777 6826 6888 6891 7088 7216 7218 7244 7246 7248 7264 7335 7442 7443 7588 7683 7698 7703 7704 7707 7721 7750 7825 7989 8000 8001 8042 8062 8086 8274 8917 8964 9570 9578 9585 9609 9625 9627 9696 9709 9717 9747 9793 9795 9818 9825 9826 9833 9834 9852 9885 9895 10064 10082 10111 10131 10166 10179 10180 10212 10214 10319 10382 10614 10633 10850 10945 11037 11060 11088 11278 11305 11306 11341 11345 11349 11551 11858 11869 11890 11978 12015 12083 12111 12158 12173 12205 12208 12225 12249 12259 12299 12323 12328 12335 12339 12348 12358 12364 12388 12390 12393 
[819, 1500]
The 4th cluster is
number of docs :2
The centroid is : 329 378 472 732 780 794 881 891 893 897 928 929 955 974 1001 1017 1051 1125 1138 1170 1177 1207 1220 1302 1314 1406 1474 1513 1649 1673 1718 1865 1866 2108 2302 2420 2453 2495 2546 2562 2567 2570 2592 2779 2865 2904 3113 3125 3165 3166 3198 3297 3346 3400 3638 3951 4011 4026 4053 4059 4237 4260 4261 4282 4326 4426 4437 4449 4453 4494 4507 4514 4606 4649 4690 4691 4721 4724 4762 4772 4782 4833 4858 4865 4886 4921 4941 5265 5281 5705 5706 5710 5715 5764 5778 5781 5804 5816 5830 5864 5873 5915 5936 5944 5952 5962 5965 5966 5970 5980 6062 6086 6091 6097 6193 6239 6291 6292 6472 6481 6521 6573 6587 6619 6622 6677 6772 6777 6846 6887 6898 6973 6991 7088 7091 7094 7166 7216 7218 7221 7248 7249 7363 7426 7689 7716 7748 7825 7954 7999 8001 8114 8199 8330 8468 8946 8955 8964 9196 9455 9526 9555 9593 9598 9626 9627 9674 9675 9693 9747 9756 9794 9795 9819 9827 9910 9941 10063 10064 10074 10077 10214 10215 10234 10317 10331 10353 10363 10364 10391 10496 10631 10655 10945 11023 11064 11088 11145 11255 11385 11386 11490 11550 11551 11554 11858 11909 11978 12013 12074 12087 12092 12099 12114 12127 12169 12207 12208 12210 12326 12327 12328 12339 12370 12388 12389 12408 4 42 148 293 306 307 308 395 440 448 450 453 496 571 761 882 908 1036 1039 1081 1185 1257 1265 1267 1271 1289 1290 1306 1375 1514 1697 1698 1704 1874 1878 2304 2382 2461 2544 2553 2557 2586 2618 2737 2864 3119 3143 3159 3298 3593 3594 3828 3886 3946 3950 4016 4118 4178 4225 4228 4241 4242 4305 4356 4357 4409 4415 4422 4423 4495 4502 4508 4539 4601 4648 4673 4675 4712 4730 4760 4784 4791 4819 4837 4875 4903 4911 4912 4928 4950 4963 4993 5012 5212 5544 5636 5649 5691 5695 5707 5717 5720 5726 5730 5736 5741 5753 5759 5763 5775 5777 5780 5782 5838 5842 5848 5878 5886 5888 5918 5940 5945 5991 5992 6016 6034 6044 6135 6138 6168 6197 6199 6268 6373 6416 6492 6503 6536 6557 6583 6588 6597 6600 6613 6614 6620 6626 6635 6673 6679 6715 6726 6775 6776 6820 6842 6862 6912 7058 7103 7113 7115 7135 7143 7243 7246 7251 7333 7362 7423 7442 7443 7588 7596 7695 7703 7704 7707 7940 7985 7989 8000 8042 8048 8059 8064 8197 8276 8284 8369 8483 8498 8916 8926 8930 8937 8939 9199 9201 9480 9481 9494 9501 9509 9523 9552 9569 9570 9584 9585 9609 9625 9646 9661 9662 9665 9670 9692 9709 9737 9748 9796 9803 9810 9825 9829 9837 9852 9875 10011 10071 10076 10082 10109 10111 10131 10166 10171 10308 10319 10327 10387 10611 10621 10630 10879 11177 11236 11306 11328 11337 11338 11340 11366 11492 11817 11825 11869 11890 11986 12015 12040 12057 12096 12111 12147 12158 12205 12212 12253 12255 12257 12332 12358 12363 12369 12397 12414 
[954, 1227]
The 5th cluster is
number of docs :1
The centroid is : 8 26 42 148 226 267 293 306 318 329 353 378 449 450 451 452 453 732 794 853 881 882 891 893 905 920 926 948 953 955 975 996 1032 1035 1081 1204 1224 1243 1267 1290 1301 1306 1343 1513 1597 1606 1622 1629 1646 1696 1698 1701 1705 1711 1866 1874 2382 2410 2498 2554 2557 2568 2570 2585 2586 2592 2604 2706 2720 2738 3135 3156 3157 3165 3185 3198 3274 3297 3300 3384 3593 3658 3828 4016 4029 4068 4086 4209 4210 4236 4245 4261 4324 4329 4358 4368 4400 4405 4409 4415 4421 4422 4429 4449 4452 4455 4479 4501 4502 4507 4508 4579 4630 4637 4665 4675 4711 4722 4773 4775 4783 4789 4809 4820 4833 4838 4860 4879 4958 5012 5265 5544 5635 5706 5707 5711 5717 5720 5729 5736 5754 5759 5762 5763 5775 5778 5779 5780 5789 5819 5820 5856 5866 5876 5878 5883 5886 5887 5888 5912 5936 5952 5962 5967 5986 6052 6097 6135 6138 6151 6156 6193 6197 6242 6262 6263 6267 6269 6275 6291 6292 6382 6447 6506 6524 6587 6589 6598 6600 6607 6613 6618 6619 6622 6626 6627 6642 6643 6666 6717 6731 6773 6775 6862 6898 6902 6907 6973 6977 7081 7088 7090 7091 7094 7113 7115 7143 7216 7218 7221 7237 7246 7251 7294 7333 7335 7425 7475 7552 7704 7716 7828 7914 8048 8059 8064 8086 8087 8176 8197 8199 8275 8276 8302 8325 8330 8396 8468 8483 8599 8902 8919 8930 8963 8978 8983 9035 9126 9480 9509 9526 9552 9569 9595 9629 9655 9661 9721 9730 9748 9796 9810 9821 9827 9835 9836 9875 9910 9924 10011 10034 10082 10111 10171 10247 10250 10257 10320 10621 10629 10631 10652 10665 10812 10879 10946 10947 11097 11156 11177 11236 11250 11278 11292 11306 11328 11337 11349 11386 11490 11534 11751 11823 11842 11869 11894 11956 11986 12040 12076 12127 12144 12149 12159 12205 12207 12208 12255 12262 12326 12329 12332 12335 12339 12354 12362 12366 12367 12368 12369 12372 12375 12378 12382 12389 12397 
[553]
The 6th cluster is
number of docs :0
The centroid is : 
[]
The 7th cluster is
number of docs :0
The centroid is : 
[]
The 8th cluster is
number of docs :10
The centroid is : 8008 8640 
[1088, 1089, 1104, 1120, 1139, 1179, 1183, 1188, 1199, 1217]
