The 0th cluster is
number of docs :293
The centroid is : 4632 841 6662 2640 3420 2030 4205 1664 3534 4634 4635 4761 6903 5891 2013 1580 4941 3350 5244 4497 3317 6078 1096 3276 6486 2657 3608 6357 1666 4143 3507 5896 6659 5613 3461 879 1593 4093 4494 750 894 644 893 3902 3858 5167 3539 4194 4442 6296 6061 4247 4420 4736 1582 4627 847 3422 5185 5659 1980 4185 1277 4735 6403 5186 5100 
[8, 9, 36, 37, 64, 77, 142, 166, 167, 207, 239, 286, 289, 307, 322, 358, 362, 380, 394, 413, 414, 460, 476, 521, 531, 549, 584, 603, 604, 613, 693, 695, 698, 701, 702, 729, 730, 734, 761, 788, 853, 863, 864, 889, 899, 929, 941, 982, 990, 1017, 1033, 1052, 1062, 1063, 1077, 1082, 1087, 1136, 1137, 1160, 1161, 1172, 1178, 1285, 1288, 1307, 1317, 1320, 1321, 1387, 1398, 1420, 1480, 1515, 1522, 1552, 1563, 1577, 1582, 1617, 1626, 1636, 1640, 1661, 1663, 1664, 1720, 1721, 1732, 1756, 1765, 1797, 1808, 1815, 1822, 1829, 1830, 1848, 1856, 1857, 1858, 1860, 1861, 1864, 1865, 1877, 1879, 1880, 1881, 1883, 1889, 1890, 1891, 1892, 1900, 1901, 1921, 1932, 1942, 1944, 1945, 1951, 1953, 1954, 1968, 1972, 1973, 1975, 1986, 1989, 1997, 1999, 2000, 2002, 2003, 2005, 2012, 2013, 2021, 2022, 2023, 2029, 2030, 2032, 2035, 2036, 2051, 2052, 2054, 2055, 2057, 2058, 2075, 2099, 2104, 2145, 2153, 2154, 2158, 2168, 2169, 2170, 2171, 2189, 2190, 2197, 2198, 2201, 2206, 2207, 2212, 2213, 2224, 2233, 2243, 2245, 2246, 2247, 2249, 2250, 2251, 2259, 2261, 2266, 2267, 2275, 2280, 2281, 2290, 2291, 2297, 2298, 2304, 2317, 2322, 2331, 2333, 2334, 2340, 2353, 2363, 2380, 2381, 2382, 2390, 2391, 2392, 2403, 2414, 2420, 2421, 2424, 2439, 2451, 2473, 2478, 2479, 2480, 2481, 2517, 2521, 2533, 2538, 2540, 2549, 2556, 2558, 2570, 2572, 2573, 2584, 2587, 2599, 2600, 2601, 2609, 2618, 2628, 2631, 2632, 2633, 2644, 2648, 2654, 2663, 2672, 2674, 2676, 2677, 2678, 2679, 2721, 2722, 2727, 2731, 2735, 2745, 2750, 2767, 2773, 2774, 2809, 2821, 2874, 2877, 2897, 2911, 2935, 2959, 2975, 2979, 3075, 3087, 3088, 3110, 3131, 3139, 3152, 3154, 3164, 3165, 3168, 3179, 3207, 3225, 3252, 3339, 3350, 3385, 3403, 3415, 3426, 3428]
The 1th cluster is
number of docs :331
The centroid is : 3384 3858 6296 841 4494 4143 2640 3420 1374 6828 238 6689 879 4735 89 3282 1666 4627 1433 5896 1664 3350 6299 5185 4093 3005 3070 4761 5891 3317 1580 4442 6887 644 3902 4874 4738 4632 2716 2030 5017 5167 847 3310 4635 4247 2275 3998 2031 6319 5386 4205 894 4579 6333 237 500 870 1980 4941 2907 2703 
[4, 10, 17, 25, 26, 62, 81, 88, 102, 103, 104, 124, 130, 131, 138, 179, 204, 205, 216, 219, 221, 224, 225, 226, 227, 235, 237, 238, 247, 248, 250, 252, 254, 255, 256, 257, 259, 260, 263, 265, 266, 268, 269, 271, 273, 275, 278, 280, 282, 284, 296, 303, 304, 305, 308, 318, 320, 323, 324, 326, 327, 328, 333, 335, 337, 339, 344, 348, 363, 367, 369, 370, 373, 376, 382, 383, 390, 391, 395, 396, 400, 408, 410, 416, 417, 423, 431, 442, 443, 451, 452, 456, 464, 466, 468, 473, 474, 477, 484, 485, 489, 491, 492, 496, 499, 500, 501, 502, 517, 522, 537, 539, 594, 638, 663, 664, 694, 738, 748, 749, 802, 816, 819, 824, 830, 831, 832, 838, 839, 884, 903, 904, 912, 922, 934, 949, 992, 1011, 1042, 1045, 1067, 1071, 1081, 1104, 1120, 1174, 1175, 1187, 1188, 1203, 1204, 1233, 1237, 1249, 1272, 1280, 1330, 1335, 1349, 1353, 1358, 1359, 1366, 1367, 1397, 1400, 1406, 1409, 1442, 1499, 1507, 1568, 1569, 1578, 1579, 1590, 1605, 1609, 1631, 1649, 1674, 1684, 1688, 1689, 1706, 1707, 1709, 1718, 1725, 1726, 1744, 1745, 1751, 1776, 1778, 1784, 1788, 1816, 1818, 1833, 1839, 1849, 1871, 1874, 1878, 1897, 1902, 1906, 1910, 1914, 1917, 1934, 1941, 1948, 1950, 1957, 1984, 1987, 2010, 2020, 2027, 2061, 2079, 2081, 2082, 2084, 2086, 2096, 2098, 2106, 2112, 2117, 2127, 2184, 2185, 2200, 2210, 2215, 2225, 2256, 2265, 2271, 2306, 2326, 2337, 2384, 2406, 2429, 2430, 2441, 2461, 2464, 2492, 2493, 2516, 2523, 2526, 2527, 2534, 2539, 2544, 2574, 2577, 2580, 2592, 2594, 2608, 2630, 2664, 2665, 2669, 2681, 2696, 2697, 2698, 2707, 2708, 2739, 2749, 2754, 2765, 2775, 2779, 2783, 2791, 2803, 2836, 2878, 2879, 2896, 2902, 2906, 2931, 2932, 2940, 2947, 2968, 2977, 2988, 2989, 3021, 3022, 3025, 3036, 3046, 3067, 3100, 3102, 3103, 3113, 3119, 3123, 3148, 3156, 3158, 3161, 3162, 3178, 3219, 3249, 3255, 3312, 3318, 3319, 3333, 3340, 3341, 3343, 3376, 3381, 3416]
The 2th cluster is
number of docs :253
The centroid is : 2640 4735 841 3389 4494 6767 3420 879 89 3005 3350 238 847 3282 6837 1664 4093 6296 5896 4627 5185 4736 1666 4143 6689 6887 6299 4442 4874 1433 3310 3858 5186 5167 2654 2030 4761 4738 5891 1580 6894 4247 6705 4264 4632 4908 6659 893 5534 6521 2275 237 644 3902 4262 441 871 397 3344 3676 2758 2703 6061 4014 1031 3558 6319 6662 4005 4497 4941 4635 240 6613 4205 5009 4625 3299 3630 4196 5386 5551 3422 3506 3827 2838 2716 4155 894 1186 2554 6745 4194 5571 621 3534 3695 5555 2907 3936 500 3929 5017 3580 
[28, 40, 76, 121, 136, 137, 143, 144, 149, 150, 156, 160, 170, 177, 178, 184, 209, 214, 228, 258, 288, 319, 354, 359, 399, 424, 425, 433, 438, 503, 509, 530, 548, 552, 559, 586, 605, 621, 624, 630, 631, 647, 667, 675, 676, 677, 678, 679, 681, 689, 708, 720, 760, 763, 768, 779, 791, 876, 877, 898, 930, 943, 967, 999, 1019, 1023, 1026, 1034, 1039, 1043, 1044, 1049, 1070, 1080, 1094, 1100, 1111, 1141, 1144, 1164, 1179, 1180, 1181, 1192, 1209, 1212, 1227, 1228, 1246, 1259, 1268, 1273, 1290, 1305, 1316, 1318, 1371, 1378, 1389, 1392, 1394, 1402, 1408, 1431, 1438, 1484, 1493, 1497, 1501, 1505, 1537, 1539, 1567, 1570, 1572, 1586, 1613, 1616, 1619, 1634, 1637, 1690, 1748, 1749, 1760, 1795, 1817, 1862, 1866, 1920, 1923, 1940, 1962, 1964, 2007, 2046, 2050, 2063, 2065, 2066, 2068, 2080, 2101, 2102, 2111, 2116, 2129, 2134, 2135, 2166, 2192, 2195, 2208, 2219, 2240, 2276, 2325, 2347, 2357, 2358, 2366, 2371, 2372, 2405, 2428, 2432, 2438, 2447, 2483, 2496, 2524, 2545, 2546, 2551, 2565, 2567, 2571, 2593, 2622, 2638, 2640, 2649, 2682, 2683, 2717, 2726, 2733, 2734, 2748, 2751, 2752, 2756, 2758, 2759, 2762, 2764, 2769, 2770, 2772, 2778, 2817, 2818, 2822, 2827, 2839, 2853, 2854, 2865, 2884, 2891, 2910, 2936, 2950, 2962, 2991, 3003, 3011, 3030, 3042, 3049, 3062, 3066, 3068, 3076, 3079, 3082, 3095, 3107, 3145, 3157, 3180, 3190, 3191, 3196, 3209, 3212, 3222, 3242, 3243, 3244, 3245, 3253, 3254, 3257, 3259, 3260, 3328, 3352, 3367, 3392, 3396, 3399, 3419]
The 3th cluster is
number of docs :1216
The centroid is : 2640 3420 841 6689 5186 2030 6296 1664 4632 1666 4494 4635 3858 3005 3350 879 3282 4735 4196 5552 6880 847 2000 3534 4627 4143 5185 4761 2719 4942 89 1655 6661 4116 1467 5896 987 2032 2227 116 989 3472 6659 1516 5840 6284 6660 5960 5487 4093 3458 6881 5528 5914 3665 990 1334 5545 5955 40 1850 3916 5049 2965 88 992 2582 3889 225 391 735 737 738 848 866 869 1951 2093 2318 3671 3903 4004 4149 4285 4340 4451 4546 4686 4945 5187 5890 6067 6562 6584 6714 6543 5891 5386 238 3422 6662 2756 4442 6423 4941 4205 3757 2403 4804 6837 6150 1030 1958 4417 652 4914 6757 3012 3616 3821 1433 1580 1317 2013 6454 2215 3498 2703 6785 4497 4194 2492 3929 4736 893 1403 6078 3998 6061 6664 894 2275 3676 5461 5244 4247 6705 6903 6299 4738 644 3902 5167 3936 3096 2654 6767 4874 2716 4926 2082 3123 5017 4579 4452 4589 6618 6333 240 3299 5764 237 1079 6319 4908 3696 1106 1084 5944 2838 6521 5571 1135 4268 1980 5534 4858 4073 1064 4634 1000 2522 6711 3344 4204 4185 3593 1587 463 6622 5051 500 3301 4631 
[1, 2, 3, 5, 6, 7, 13, 23, 24, 27, 31, 35, 39, 41, 42, 45, 46, 47, 48, 51, 52, 58, 61, 63, 65, 71, 72, 73, 75, 80, 82, 84, 85, 86, 87, 93, 94, 95, 100, 101, 105, 106, 112, 113, 117, 119, 120, 122, 123, 126, 127, 129, 132, 133, 145, 146, 147, 148, 151, 157, 163, 168, 169, 172, 173, 174, 183, 185, 186, 187, 188, 190, 191, 192, 193, 195, 196, 199, 200, 202, 203, 206, 208, 212, 213, 215, 218, 220, 236, 240, 241, 242, 245, 253, 261, 267, 270, 274, 276, 277, 281, 287, 293, 294, 295, 302, 311, 321, 329, 330, 331, 334, 336, 338, 340, 341, 343, 347, 349, 350, 357, 360, 364, 365, 377, 381, 386, 387, 388, 398, 403, 404, 405, 406, 409, 411, 412, 415, 419, 426, 428, 429, 432, 437, 444, 445, 446, 447, 448, 449, 450, 453, 454, 455, 457, 461, 462, 463, 465, 467, 469, 470, 471, 472, 475, 478, 479, 480, 481, 482, 483, 486, 488, 490, 493, 494, 495, 498, 505, 508, 516, 520, 524, 526, 528, 529, 535, 536, 538, 540, 542, 545, 550, 553, 554, 555, 560, 563, 566, 569, 572, 573, 574, 577, 579, 590, 593, 596, 597, 606, 610, 612, 614, 615, 616, 619, 622, 623, 627, 629, 632, 633, 644, 646, 654, 655, 657, 658, 659, 662, 666, 668, 669, 671, 672, 673, 686, 687, 688, 692, 697, 707, 714, 715, 721, 727, 739, 740, 743, 750, 751, 754, 757, 758, 759, 764, 789, 800, 804, 812, 815, 818, 821, 828, 829, 834, 835, 845, 846, 847, 851, 852, 861, 868, 874, 875, 879, 880, 882, 886, 893, 894, 897, 900, 901, 902, 909, 913, 916, 917, 926, 927, 931, 932, 933, 942, 945, 946, 947, 948, 950, 951, 954, 955, 956, 957, 958, 959, 961, 962, 968, 969, 970, 973, 974, 977, 979, 980, 984, 985, 988, 991, 995, 996, 997, 998, 1001, 1002, 1004, 1007, 1008, 1009, 1010, 1012, 1014, 1015, 1016, 1022, 1024, 1028, 1030, 1032, 1035, 1038, 1040, 1041, 1046, 1047, 1050, 1051, 1053, 1054, 1055, 1056, 1059, 1061, 1064, 1069, 1073, 1076, 1085, 1096, 1101, 1102, 1103, 1105, 1107, 1109, 1110, 1119, 1121, 1123, 1126, 1127, 1128, 1131, 1132, 1133, 1139, 1143, 1145, 1146, 1147, 1148, 1149, 1150, 1151, 1154, 1155, 1156, 1157, 1163, 1167, 1168, 1170, 1182, 1185, 1186, 1190, 1191, 1195, 1196, 1199, 1200, 1201, 1202, 1207, 1208, 1210, 1211, 1215, 1216, 1218, 1219, 1226, 1229, 1234, 1236, 1244, 1245, 1251, 1256, 1257, 1260, 1262, 1266, 1267, 1277, 1278, 1279, 1281, 1282, 1291, 1292, 1293, 1295, 1299, 1300, 1301, 1302, 1303, 1304, 1309, 1313, 1314, 1315, 1319, 1323, 1328, 1333, 1337, 1338, 1339, 1340, 1342, 1348, 1350, 1351, 1352, 1355, 1356, 1357, 1360, 1364, 1368, 1374, 1375, 1376, 1379, 1380, 1383, 1384, 1385, 1386, 1388, 1391, 1393, 1396, 1399, 1401, 1411, 1412, 1413, 1414, 1417, 1421, 1422, 1426, 1427, 1432, 1433, 1435, 1436, 1437, 1441, 1445, 1450, 1451, 1452, 1460, 1461, 1462, 1471, 1472, 1474, 1475, 1476, 1481, 1482, 1483, 1488, 1489, 1490, 1491, 1495, 1496, 1502, 1506, 1508, 1510, 1517, 1521, 1523, 1524, 1525, 1527, 1533, 1535, 1538, 1540, 1541, 1542, 1545, 1546, 1553, 1557, 1559, 1560, 1561, 1562, 1566, 1571, 1581, 1583, 1584, 1585, 1591, 1593, 1596, 1601, 1603, 1604, 1606, 1610, 1614, 1615, 1624, 1625, 1627, 1629, 1630, 1632, 1633, 1635, 1638, 1639, 1642, 1644, 1646, 1650, 1653, 1655, 1657, 1660, 1665, 1666, 1668, 1669, 1672, 1678, 1680, 1693, 1696, 1697, 1698, 1701, 1702, 1703, 1712, 1713, 1714, 1717, 1724, 1731, 1739, 1740, 1743, 1752, 1755, 1762, 1763, 1766, 1767, 1771, 1772, 1775, 1780, 1781, 1785, 1786, 1787, 1793, 1799, 1800, 1801, 1802, 1803, 1804, 1805, 1807, 1811, 1812, 1813, 1824, 1825, 1826, 1827, 1828, 1835, 1836, 1837, 1840, 1850, 1852, 1853, 1854, 1859, 1863, 1868, 1870, 1872, 1873, 1876, 1884, 1885, 1888, 1896, 1899, 1903, 1907, 1909, 1911, 1912, 1915, 1916, 1918, 1924, 1926, 1927, 1928, 1929, 1930, 1933, 1937, 1943, 1946, 1955, 1959, 1963, 1967, 1969, 1971, 1974, 1976, 1981, 1982, 1985, 1988, 1990, 1994, 1998, 2004, 2006, 2015, 2018, 2026, 2034, 2037, 2039, 2042, 2045, 2047, 2053, 2059, 2069, 2070, 2072, 2073, 2074, 2085, 2087, 2092, 2095, 2097, 2100, 2103, 2105, 2107, 2108, 2109, 2110, 2113, 2118, 2119, 2121, 2123, 2124, 2125, 2126, 2128, 2131, 2138, 2140, 2142, 2146, 2148, 2150, 2152, 2155, 2156, 2164, 2165, 2174, 2176, 2177, 2180, 2181, 2182, 2183, 2186, 2188, 2191, 2194, 2199, 2211, 2216, 2221, 2231, 2234, 2236, 2237, 2241, 2242, 2248, 2252, 2254, 2255, 2257, 2262, 2263, 2264, 2270, 2272, 2274, 2277, 2282, 2285, 2286, 2289, 2296, 2299, 2300, 2301, 2302, 2305, 2309, 2312, 2315, 2316, 2324, 2327, 2330, 2336, 2338, 2339, 2342, 2346, 2348, 2349, 2350, 2351, 2352, 2354, 2359, 2362, 2365, 2367, 2368, 2375, 2376, 2377, 2383, 2385, 2386, 2387, 2388, 2395, 2398, 2399, 2407, 2411, 2415, 2416, 2417, 2418, 2425, 2427, 2436, 2443, 2444, 2446, 2450, 2455, 2456, 2459, 2462, 2467, 2469, 2472, 2475, 2477, 2482, 2486, 2494, 2498, 2503, 2505, 2508, 2509, 2511, 2512, 2514, 2519, 2522, 2530, 2532, 2547, 2557, 2559, 2560, 2561, 2564, 2566, 2576, 2578, 2579, 2586, 2588, 2589, 2590, 2602, 2603, 2604, 2607, 2610, 2611, 2613, 2619, 2620, 2621, 2629, 2634, 2636, 2637, 2639, 2641, 2643, 2645, 2650, 2658, 2666, 2680, 2684, 2685, 2692, 2693, 2694, 2699, 2700, 2703, 2705, 2706, 2716, 2723, 2724, 2725, 2729, 2732, 2737, 2740, 2741, 2743, 2744, 2747, 2753, 2760, 2761, 2763, 2766, 2768, 2771, 2776, 2777, 2782, 2784, 2785, 2786, 2787, 2788, 2789, 2790, 2798, 2799, 2800, 2802, 2804, 2805, 2807, 2810, 2811, 2812, 2813, 2814, 2815, 2819, 2820, 2825, 2826, 2828, 2829, 2831, 2834, 2835, 2837, 2838, 2840, 2842, 2843, 2844, 2848, 2849, 2851, 2852, 2855, 2856, 2857, 2858, 2859, 2860, 2861, 2862, 2863, 2866, 2868, 2869, 2870, 2871, 2872, 2876, 2880, 2882, 2883, 2885, 2887, 2888, 2889, 2890, 2893, 2895, 2899, 2900, 2903, 2904, 2905, 2908, 2909, 2921, 2923, 2926, 2930, 2933, 2937, 2945, 2948, 2958, 2960, 2961, 2964, 2965, 2966, 2971, 2972, 2980, 2981, 2982, 2983, 2984, 2994, 2995, 2997, 2998, 2999, 3000, 3006, 3012, 3013, 3014, 3017, 3026, 3029, 3033, 3034, 3035, 3038, 3040, 3041, 3043, 3044, 3048, 3050, 3052, 3056, 3057, 3058, 3059, 3060, 3061, 3063, 3064, 3065, 3071, 3072, 3074, 3078, 3085, 3091, 3093, 3094, 3096, 3097, 3098, 3104, 3106, 3108, 3109, 3111, 3114, 3117, 3118, 3120, 3122, 3125, 3126, 3127, 3133, 3134, 3136, 3137, 3141, 3142, 3143, 3144, 3146, 3147, 3151, 3153, 3155, 3159, 3160, 3163, 3166, 3167, 3171, 3172, 3177, 3187, 3188, 3189, 3198, 3201, 3206, 3211, 3213, 3215, 3217, 3218, 3220, 3221, 3223, 3224, 3226, 3228, 3229, 3230, 3231, 3232, 3233, 3234, 3235, 3237, 3239, 3240, 3241, 3246, 3247, 3248, 3250, 3251, 3256, 3258, 3261, 3262, 3263, 3264, 3265, 3266, 3268, 3269, 3271, 3273, 3274, 3275, 3276, 3277, 3280, 3283, 3284, 3286, 3287, 3288, 3291, 3292, 3297, 3299, 3300, 3301, 3304, 3306, 3307, 3308, 3309, 3310, 3311, 3314, 3316, 3317, 3322, 3326, 3327, 3329, 3330, 3331, 3336, 3337, 3338, 3344, 3347, 3348, 3349, 3353, 3354, 3355, 3356, 3357, 3358, 3359, 3360, 3361, 3362, 3364, 3368, 3369, 3370, 3371, 3372, 3373, 3375, 3377, 3378, 3379, 3380, 3382, 3383, 3384, 3387, 3391, 3397, 3398, 3400, 3401, 3402, 3404, 3405, 3406, 3407, 3410, 3412, 3413, 3414, 3417, 3418, 3422, 3423, 3424, 3425, 3427]
The 4th cluster is
number of docs :90
The centroid is : 841 1664 6659 6664 1666 2030 3858 5186 4116 4196 6660 6689 6785 2559 2640 3005 3389 3420 3534 4589 4632 4942 5725 5955 6661 6711 21 40 88 116 225 391 434 510 691 735 737 738 848 866 869 987 989 990 992 1064 1079 1334 1467 1516 1655 1776 1850 1951 1958 2000 2032 2093 2227 2300 2318 2582 2627 2719 2756 2965 3394 3405 3433 3447 3458 3472 3593 3665 3671 3727 3889 3903 3916 4004 4073 4149 4194 4285 4340 4417 4451 4483 4546 4569 4635 4686 4761 4858 4945 4949 5049 5183 5187 5269 5487 5528 5545 5552 5764 5840 5890 5909 5914 5943 5944 5960 6067 6284 6423 6444 6543 6562 6584 6674 6714 6874 237 4494 4804 879 4627 3282 89 1317 5896 652 1030 1123 1135 1423 3012 3821 4735 4894 4914 2031 3616 3757 4143 6454 6078 6663 5185 3498 893 894 847 1433 3350 6081 2013 4634 4442 3317 3929 3998 4205 5987 6662 6903 1580 2907 3299 5244 5167 6757 2352 3422 4497 2654 2832 4093 2275 2409 2978 3827 4585 1096 3936 5173 6705 6745 2218 2716 3310 238 1024 1740 3070 5643 3676 3752 6429 2403 3295 5386 6837 4908 5286 3750 3897 6828 4452 644 3344 3902 870 3506 4579 4736 6761 1106 1311 1403 6448 6880 1250 2215 2492 1980 3096 1124 1348 2900 3123 3754 4874 5236 6343 527 2144 3002 3060 4247 5122 5448 5808 2021 4258 5256 163 1553 3424 3580 4433 4865 5686 6451 1031 3332 6252 6319 2082 2703 2600 3283 4738 4747 4926 5782 1571 5891 6325 
[16, 54, 66, 189, 201, 366, 600, 642, 651, 674, 685, 699, 710, 733, 744, 756, 767, 792, 801, 814, 825, 858, 890, 911, 1037, 1058, 1098, 1177, 1252, 1261, 1264, 1327, 1440, 1458, 1479, 1580, 1628, 1677, 1694, 1734, 1806, 1810, 1823, 1847, 1867, 1869, 1875, 1935, 1936, 1947, 1949, 1995, 2033, 2088, 2147, 2214, 2223, 2230, 2295, 2303, 2335, 2373, 2404, 2412, 2422, 2440, 2442, 2452, 2458, 2460, 2468, 2474, 2520, 2568, 2614, 2617, 2625, 2635, 2652, 2659, 2671, 2673, 2712, 2738, 2757, 2881, 2953, 2993, 3236, 3408]
The 5th cluster is
number of docs :356
The centroid is : 841 6689 89 3282 4735 4494 338 238 847 3929 6881 3005 4093 4143 5896 2716 3283 2654 4264 4627 879 6061 5765 1433 5534 2082 4874 6767 5009 6521 4908 6421 4738 240 3435 1664 644 3902 4247 504 6296 4632 3676 1666 3858 5891 6705 4194 2494 4585 3350 4625 4926 2640 4685 5167 3420 2275 6299 444 5571 3123 3238 1031 6333 3284 4005 
[11, 18, 19, 20, 38, 44, 49, 53, 74, 107, 108, 111, 116, 118, 134, 152, 153, 154, 155, 164, 198, 217, 234, 249, 300, 306, 385, 393, 402, 418, 497, 506, 519, 534, 543, 558, 567, 568, 570, 582, 583, 591, 609, 611, 618, 628, 634, 680, 696, 741, 753, 773, 780, 783, 811, 817, 826, 827, 857, 865, 866, 867, 878, 885, 887, 910, 914, 915, 919, 920, 921, 923, 928, 936, 952, 953, 971, 972, 981, 986, 987, 993, 994, 1000, 1005, 1006, 1013, 1018, 1021, 1029, 1031, 1048, 1057, 1060, 1065, 1066, 1072, 1089, 1097, 1106, 1108, 1112, 1117, 1122, 1125, 1129, 1134, 1135, 1153, 1159, 1162, 1169, 1171, 1176, 1184, 1189, 1193, 1194, 1198, 1217, 1220, 1221, 1222, 1223, 1224, 1225, 1231, 1232, 1242, 1243, 1247, 1253, 1254, 1255, 1258, 1263, 1269, 1270, 1271, 1274, 1275, 1283, 1284, 1296, 1297, 1298, 1310, 1311, 1312, 1325, 1326, 1329, 1334, 1343, 1347, 1365, 1377, 1405, 1407, 1410, 1415, 1416, 1419, 1429, 1430, 1449, 1453, 1469, 1487, 1500, 1520, 1536, 1548, 1554, 1576, 1641, 1656, 1673, 1679, 1710, 1730, 1738, 1757, 1758, 1779, 1792, 1814, 1882, 1887, 1904, 1908, 1925, 1960, 1961, 1966, 2009, 2025, 2040, 2041, 2048, 2049, 2062, 2076, 2114, 2115, 2122, 2130, 2139, 2143, 2151, 2161, 2162, 2175, 2187, 2196, 2204, 2205, 2222, 2235, 2238, 2258, 2273, 2278, 2283, 2284, 2287, 2292, 2313, 2314, 2318, 2328, 2329, 2343, 2344, 2361, 2389, 2394, 2396, 2397, 2400, 2408, 2426, 2437, 2448, 2449, 2453, 2454, 2471, 2476, 2487, 2488, 2490, 2491, 2497, 2499, 2500, 2502, 2504, 2507, 2513, 2515, 2525, 2531, 2535, 2536, 2537, 2552, 2553, 2562, 2575, 2581, 2582, 2583, 2585, 2595, 2597, 2598, 2605, 2616, 2623, 2624, 2626, 2642, 2651, 2653, 2655, 2661, 2675, 2695, 2704, 2713, 2714, 2715, 2720, 2730, 2736, 2816, 2823, 2824, 2864, 2867, 2894, 2907, 2912, 2943, 2949, 2957, 2967, 2969, 2970, 2973, 2974, 2976, 2986, 2992, 3015, 3016, 3045, 3053, 3069, 3070, 3073, 3077, 3092, 3101, 3115, 3116, 3132, 3135, 3138, 3140, 3149, 3176, 3181, 3182, 3183, 3199, 3200, 3238, 3267, 3270, 3272, 3285, 3294, 3298, 3303, 3305, 3315, 3323, 3325, 3334, 3335, 3345, 3374, 3420, 3421]
The 6th cluster is
number of docs :772
The centroid is : 2031 3005 5552 4941 841 5891 1664 5185 1666 5186 3389 879 4632 6785 2703 4494 4442 3420 2640 2030 893 3998 4942 4635 4761 4497 6659 4093 4627 6296 3350 4196 6881 5896 1837 5386 5517 894 3858 4735 6078 4143 3534 6662 1433 1663 2352 4205 89 6880 6689 3936 5792 5987 6333 847 2275 1296 6767 238 1124 6824 621 4736 1297 4957 1580 5555 4258 5156 5244 4908 2719 3282 4247 1655 1674 1206 1311 6319 2082 2594 5017 6705 3676 6745 3299 6618 6663 2838 2654 2021 5551 3752 2907 996 3310 5571 4634 3096 5167 1980 4194 3754 883 6661 2032 3301 
[12, 14, 15, 21, 22, 29, 30, 32, 33, 34, 43, 55, 56, 57, 59, 60, 67, 68, 69, 70, 78, 79, 83, 89, 90, 91, 92, 96, 97, 98, 99, 109, 110, 114, 115, 125, 128, 135, 139, 140, 141, 159, 161, 162, 165, 171, 175, 176, 180, 181, 182, 194, 197, 210, 211, 222, 223, 229, 230, 231, 232, 233, 243, 244, 246, 251, 262, 264, 272, 279, 283, 290, 291, 292, 297, 298, 299, 301, 309, 310, 312, 313, 314, 315, 316, 317, 325, 332, 342, 345, 346, 351, 352, 353, 355, 356, 361, 368, 371, 372, 374, 375, 378, 379, 384, 389, 392, 397, 401, 407, 420, 421, 422, 427, 430, 434, 435, 436, 439, 440, 441, 458, 459, 487, 514, 515, 541, 544, 551, 556, 557, 562, 564, 571, 575, 576, 578, 580, 581, 585, 589, 595, 598, 599, 601, 602, 607, 608, 620, 626, 635, 636, 639, 640, 641, 649, 650, 660, 661, 665, 670, 683, 684, 690, 691, 700, 703, 704, 705, 706, 711, 712, 713, 717, 718, 719, 722, 723, 724, 728, 735, 736, 737, 742, 745, 746, 747, 752, 755, 765, 769, 770, 771, 774, 775, 777, 778, 782, 784, 785, 786, 790, 793, 794, 795, 796, 797, 798, 799, 803, 805, 806, 807, 808, 809, 810, 813, 822, 823, 833, 836, 837, 840, 841, 842, 843, 844, 848, 849, 850, 854, 855, 856, 859, 860, 862, 869, 870, 871, 872, 873, 881, 883, 888, 891, 892, 895, 896, 905, 906, 907, 908, 918, 924, 925, 935, 937, 938, 939, 940, 944, 960, 963, 964, 965, 966, 975, 976, 978, 983, 989, 1003, 1020, 1025, 1027, 1074, 1075, 1078, 1079, 1083, 1084, 1086, 1088, 1090, 1091, 1092, 1093, 1095, 1099, 1113, 1114, 1115, 1124, 1130, 1138, 1140, 1158, 1165, 1166, 1173, 1183, 1197, 1206, 1213, 1214, 1230, 1238, 1239, 1240, 1241, 1248, 1250, 1265, 1276, 1286, 1287, 1289, 1306, 1322, 1324, 1331, 1332, 1336, 1341, 1345, 1346, 1354, 1361, 1362, 1363, 1369, 1370, 1372, 1373, 1381, 1382, 1390, 1395, 1403, 1404, 1418, 1423, 1434, 1439, 1443, 1444, 1446, 1447, 1448, 1454, 1455, 1456, 1457, 1459, 1463, 1464, 1465, 1466, 1467, 1468, 1470, 1473, 1477, 1478, 1485, 1486, 1492, 1494, 1498, 1503, 1504, 1509, 1511, 1512, 1513, 1514, 1516, 1518, 1519, 1528, 1529, 1530, 1531, 1532, 1534, 1543, 1547, 1549, 1550, 1551, 1555, 1556, 1558, 1564, 1565, 1573, 1574, 1575, 1587, 1588, 1589, 1592, 1594, 1595, 1597, 1598, 1599, 1600, 1602, 1607, 1608, 1611, 1618, 1620, 1621, 1622, 1623, 1643, 1645, 1648, 1651, 1652, 1654, 1658, 1659, 1662, 1667, 1670, 1671, 1675, 1676, 1681, 1682, 1683, 1685, 1686, 1687, 1691, 1692, 1699, 1700, 1704, 1705, 1708, 1715, 1716, 1722, 1723, 1727, 1728, 1729, 1737, 1741, 1742, 1746, 1747, 1750, 1753, 1754, 1759, 1761, 1764, 1768, 1769, 1770, 1773, 1774, 1777, 1782, 1783, 1789, 1790, 1794, 1796, 1798, 1809, 1819, 1820, 1821, 1831, 1832, 1834, 1838, 1841, 1842, 1843, 1844, 1845, 1846, 1855, 1886, 1913, 1919, 1922, 1939, 1952, 1956, 1958, 1965, 1970, 1977, 1978, 1979, 1980, 1983, 1991, 1992, 1993, 2001, 2008, 2011, 2016, 2017, 2038, 2056, 2067, 2071, 2077, 2078, 2083, 2090, 2091, 2093, 2094, 2120, 2132, 2133, 2136, 2137, 2141, 2144, 2149, 2157, 2159, 2160, 2172, 2173, 2178, 2179, 2193, 2202, 2203, 2209, 2217, 2218, 2220, 2226, 2227, 2228, 2229, 2232, 2239, 2244, 2260, 2268, 2269, 2279, 2288, 2293, 2307, 2308, 2310, 2311, 2320, 2321, 2323, 2332, 2341, 2345, 2355, 2356, 2360, 2364, 2369, 2370, 2374, 2378, 2379, 2393, 2401, 2402, 2409, 2410, 2413, 2419, 2423, 2431, 2434, 2435, 2445, 2457, 2465, 2466, 2470, 2484, 2485, 2489, 2495, 2501, 2506, 2518, 2528, 2529, 2542, 2543, 2554, 2555, 2563, 2569, 2606, 2612, 2615, 2646, 2647, 2656, 2657, 2660, 2662, 2667, 2668, 2670, 2686, 2687, 2688, 2689, 2690, 2691, 2701, 2702, 2709, 2710, 2711, 2718, 2719, 2728, 2742, 2755, 2780, 2792, 2793, 2794, 2795, 2796, 2801, 2806, 2808, 2830, 2832, 2841, 2845, 2846, 2847, 2873, 2875, 2892, 2898, 2901, 2913, 2914, 2915, 2916, 2917, 2918, 2919, 2920, 2922, 2924, 2925, 2927, 2929, 2934, 2938, 2939, 2941, 2942, 2944, 2946, 2951, 2952, 2954, 2955, 2956, 2963, 2978, 2985, 2987, 2996, 3001, 3002, 3004, 3005, 3007, 3008, 3009, 3010, 3018, 3019, 3020, 3024, 3027, 3028, 3031, 3032, 3037, 3039, 3047, 3051, 3054, 3055, 3083, 3084, 3086, 3089, 3090, 3099, 3112, 3121, 3124, 3128, 3129, 3130, 3150, 3169, 3170, 3173, 3175, 3184, 3185, 3186, 3192, 3193, 3194, 3195, 3197, 3202, 3203, 3204, 3205, 3208, 3210, 3214, 3216, 3227, 3278, 3279, 3281, 3282, 3293, 3295, 3296, 3302, 3313, 3320, 3321, 3324, 3332, 3342, 3346, 3351, 3363, 3365, 3366, 3386, 3388, 3390, 3393, 3394, 3395, 3409, 3411, 3429, 3430]
The 7th cluster is
number of docs :2
The centroid is : 175 218 237 338 671 1009 1446 1740 2602 2669 2782 3117 3350 3354 3538 3591 4116 4256 4670 5023 5106 5469 6246 6319 6346 6377 6387 6388 6743 6821 6879 453 577 622 777 950 1216 1433 1453 1593 1980 2309 2325 2484 2501 3070 3157 3323 3456 3616 3732 4155 4265 4472 4672 5025 5236 5423 5792 5896 6170 6207 6276 6333 6566 6644 
[1344, 2163]
The 8th cluster is
number of docs :59
The centroid is : 2640 4632 841 3282 6078 6785 3420 338 847 4442 4494 6689 89 2030 2907 4736 6296 6844 6851 1664 879 4143 6659 3752 4761 4735 2352 5025 3422 893 3295 3827 4908 4941 1580 4035 4205 4635 238 894 2013 3858 4155 5657 1096 3317 3350 3998 1433 1582 3276 5017 5896 6081 2794 3332 6903 1487 2275 3070 3939 6333 1587 6357 3584 3608 3757 4497 4579 4627 4738 4926 5587 2657 3507 5244 1000 4093 4570 6061 3434 3676 6261 1743 2378 3506 3534 3696 5891 2554 621 1348 1524 1575 1740 1980 2015 2838 3310 3613 5987 307 500 3558 4005 4585 870 2419 2756 3011 3539 6756 1666 2082 3120 4247 996 1031 1106 4452 5885 1124 4634 5659 213 3096 3750 6662 997 6135 6157 2220 3299 4307 4957 6517 6828 3580 4317 237 1186 2815 3630 3754 3794 4434 4785 5185 5256 6711 6820 6841 644 3902 5769 4092 4599 4625 4930 5020 5656 3498 6663 3137 4073 5571 5695 
[50, 285, 507, 513, 525, 653, 709, 820, 1036, 1068, 1116, 1118, 1152, 1205, 1235, 1308, 1424, 1425, 1428, 1526, 1612, 1695, 1719, 1733, 1735, 1736, 1851, 1893, 1894, 1895, 1898, 1905, 1931, 1938, 2014, 2019, 2024, 2028, 2031, 2043, 2044, 2064, 2294, 2463, 2541, 2548, 2550, 2627, 2746, 2797, 2833, 2886, 2990, 3023, 3080, 3081, 3105, 3174, 3289]
The 9th cluster is
number of docs :58
The centroid is : 3389 2640 6689 6741 3282 4735 4143 5286 2082 4075 3283 444 5896 841 1849 1911 6299 89 3939 1031 6521 6421 6896 3341 3929 2795 5143 1433 504 847 1666 4262 4494 4093 4738 5823 6767 6296 2031 3005 3825 5891 240 3123 4264 76 238 375 2218 2522 5009 5534 6078 6261 879 3519 4627 4631 5186 4442 4236 5765 626 1664 3096 3435 5587 5810 2543 2716 3750 3864 5017 441 1367 2494 4470 4623 5552 644 3676 3902 4589 3424 5167 5956 634 3219 4592 3350 4073 2030 3946 
[158, 504, 510, 511, 512, 518, 523, 527, 532, 533, 546, 547, 561, 565, 587, 588, 592, 617, 625, 637, 643, 645, 648, 652, 656, 682, 716, 725, 726, 731, 732, 762, 766, 772, 776, 781, 787, 1142, 1294, 1544, 1647, 1711, 1791, 1996, 2060, 2089, 2167, 2253, 2319, 2433, 2510, 2591, 2596, 2781, 2850, 2928, 3290, 3389]
