The 0th cluster is
number of docs :222
The centroid is : 3384 4494 4941 6296 2031 3005 3858 1666 879 4143 1664 6880 5186 893 4627 841 4442 5891 6881 2030 3998 238 1433 3070 89 2275 5185 5896 6078 4093 1837 3310 4735 3123 3676 3350 6689 6828 4632 3827 6333 4761 4205 4874 3420 6157 1580 6760 894 2013 4908 3317 5386 5552 237 3696 5236 3754 2640 4736 883 1575 2703 3295 4635 6061 3282 6896 3936 5017 1980 4258 2907 621 2021 2838 4631 1674 2356 2716 6745 4685 644 3902 3096 3299 3874 3897 4452 240 1663 2919 5810 1186 2409 4926 870 6319 3442 4247 5143 1296 4497 6299 1297 4196 6252 2082 1000 4155 6785 4194 5025 6659 3558 3584 4579 1911 4942 3301 4204 5167 4738 
[4, 59, 63, 75, 79, 98, 103, 110, 138, 181, 195, 204, 210, 211, 219, 222, 224, 227, 229, 230, 240, 246, 248, 250, 254, 256, 257, 260, 261, 263, 271, 273, 278, 282, 291, 297, 303, 305, 313, 314, 315, 316, 317, 318, 323, 324, 327, 333, 337, 344, 345, 347, 354, 361, 373, 382, 384, 389, 390, 391, 395, 401, 408, 417, 434, 442, 443, 445, 451, 452, 457, 463, 464, 479, 486, 489, 491, 502, 556, 596, 637, 655, 658, 670, 682, 686, 700, 743, 749, 758, 769, 830, 843, 844, 869, 871, 896, 897, 903, 907, 954, 965, 989, 1056, 1071, 1080, 1115, 1116, 1123, 1187, 1204, 1230, 1236, 1281, 1294, 1311, 1367, 1370, 1395, 1424, 1428, 1438, 1598, 1639, 1663, 1667, 1668, 1679, 1685, 1706, 1725, 1737, 1746, 1762, 1768, 1826, 1833, 1844, 1845, 1878, 1894, 1902, 1906, 1933, 1946, 1948, 1974, 1982, 1987, 1988, 1998, 2014, 2032, 2044, 2045, 2061, 2079, 2088, 2094, 2096, 2121, 2136, 2167, 2168, 2177, 2253, 2262, 2286, 2316, 2317, 2319, 2330, 2342, 2358, 2399, 2415, 2432, 2459, 2469, 2478, 2479, 2483, 2494, 2510, 2512, 2516, 2527, 2538, 2574, 2578, 2591, 2596, 2647, 2669, 2677, 2681, 2777, 2792, 2793, 2826, 2831, 2902, 2919, 2932, 2953, 2974, 2977, 3009, 3028, 3079, 3118, 3119, 3123, 3162, 3165, 3173, 3216, 3277, 3295, 3311, 3389, 3401]
The 1th cluster is
number of docs :48
The centroid is : 3389 6296 2082 6689 894 5896 1849 5185 6894 4921 4627 5186 4205 3282 1365 2031 3005 3825 1311 1898 4957 2554 6742 1666 4735 2362 6319 238 5469 5657 4016 5286 644 3858 3902 4093 841 2522 3998 4494 3350 89 3344 1433 3283 3929 4956 1664 5173 76 1186 3591 3676 6061 879 1106 2030 3310 4570 5017 5891 5167 634 893 1601 3070 4442 4761 5885 1630 4005 4247 5143 6421 3004 3558 2275 2640 6711 4092 
[517, 527, 533, 537, 539, 573, 584, 585, 592, 594, 636, 640, 643, 664, 681, 689, 692, 726, 727, 731, 732, 741, 745, 757, 776, 779, 786, 787, 852, 1045, 1247, 1317, 1344, 1488, 1910, 2204, 2427, 2460, 2514, 2683, 2779, 2803, 2840, 2859, 2940, 3117, 3147, 3219]
The 2th cluster is
number of docs :177
The centroid is : 3420 6296 3858 3350 1664 2013 2352 4761 1580 5244 841 1096 3317 879 4205 6319 3276 6881 4155 5469 5891 6828 2657 3608 4635 4632 3422 3676 1666 3070 4143 4093 894 4494 2030 870 5186 4941 2838 6061 2640 5896 4579 4442 2907 3696 6078 644 3902 4247 3461 3005 4627 4735 3998 2031 2794 3506 893 871 5386 89 2275 3754 5552 6659 1980 1124 3310 1587 
[26, 30, 84, 102, 125, 130, 145, 186, 188, 247, 269, 280, 308, 332, 410, 455, 456, 524, 536, 581, 588, 614, 641, 802, 818, 819, 870, 886, 1018, 1064, 1081, 1104, 1145, 1200, 1208, 1280, 1335, 1368, 1374, 1421, 1442, 1501, 1507, 1568, 1578, 1583, 1584, 1597, 1609, 1610, 1625, 1633, 1635, 1649, 1650, 1652, 1653, 1654, 1658, 1702, 1718, 1724, 1736, 1751, 1771, 1780, 1784, 1785, 1786, 1787, 1802, 1818, 1836, 1839, 1849, 1851, 1852, 1853, 1854, 1855, 1870, 1871, 1876, 1897, 1914, 1915, 1916, 1917, 1927, 1928, 1930, 1934, 1935, 1937, 1941, 1957, 1959, 1967, 1970, 1976, 1985, 1990, 1992, 2004, 2027, 2042, 2053, 2081, 2086, 2087, 2126, 2176, 2180, 2191, 2200, 2214, 2215, 2263, 2282, 2294, 2306, 2337, 2338, 2346, 2348, 2349, 2365, 2384, 2417, 2430, 2443, 2444, 2445, 2464, 2472, 2503, 2537, 2544, 2550, 2577, 2592, 2608, 2629, 2643, 2650, 2658, 2728, 2754, 2791, 2798, 2799, 2812, 2837, 2863, 2878, 2879, 2904, 2947, 2988, 2989, 3021, 3036, 3064, 3100, 3102, 3103, 3127, 3161, 3198, 3204, 3274, 3275, 3312, 3333, 3347, 3359, 3364]
The 3th cluster is
number of docs :19
The centroid is : 464 1090 1257 1433 1822 2522 3757 5185 240 3018 3282 3453 3750 3929 4264 4293 4625 4753 5039 5566 5686 5896 6009 6299 6338 6689 6761 1239 5186 6152 6711 204 444 504 583 1124 1721 2082 2362 2498 3185 3219 3242 3260 3538 4492 4555 4774 4776 4926 5233 5765 5891 6061 6144 6429 6884 762 1086 1259 1774 2205 2353 2356 2716 2728 2758 2897 3005 3395 3519 3527 3556 3625 3858 3939 4035 4727 4784 4930 5578 5585 6224 6438 397 1348 1681 2422 3295 3549 3560 4136 4143 4214 4414 5691 5877 1518 2352 3123 6453 621 1580 1663 1837 2335 3276 3310 3998 4155 5025 5156 6237 24 276 879 1296 1417 3396 4685 5168 5208 972 2125 2218 2275 2554 2838 2880 3004 4206 4243 4247 4632 5792 6266 6325 6521 6881 644 1664 3902 4815 5889 555 709 870 971 1770 2309 2517 2559 3677 4196 4785 5036 375 695 1747 2086 2528 3435 3551 3558 4005 4023 5353 5445 5575 6705 237 238 847 1311 1524 2425 2470 2703 3015 3506 4150 4204 4296 4579 4735 4791 4874 5024 5090 5224 5234 6226 6741 453 2031 2472 4941 5571 43 66 1206 2030 2943 3938 4093 4259 4442 4452 4524 5299 5534 5829 6049 6214 6660 307 610 893 1436 1941 2409 2879 3096 3299 3923 4497 4627 4634 5161 5180 5386 5517 6662 6820 11 57 89 294 387 463 1242 1630 1842 2022 2255 2633 3301 3344 3752 3984 4494 4597 4631 4910 5017 5080 5667 5806 5893 6252 6256 6319 6537 
[158, 812, 979, 1020, 1052, 1745, 1788, 1791, 2106, 2255, 2598, 2616, 2671, 2832, 2906, 2924, 2997, 3007, 3350]
The 4th cluster is
number of docs :363
The centroid is : 2031 5552 3005 5185 5891 4941 2703 879 3389 1666 6785 1664 4494 5186 841 893 4442 4632 4627 4761 3998 2030 4497 5517 6296 4942 5386 4093 894 4635 1849 5896 3858 6659 6881 3534 3350 4143 4196 4205 6078 6662 5792 1433 6333 5555 1674 2352 5244 5987 3070 1580 1837 1980 4258 5156 6319 1663 4247 4735 3420 1124 2021 2640 3507 2719 4957 1296 1311 5551 6745 621 5017 3073 996 6618 2082 2594 929 2907 5571 3341 4272 4634 3752 3936 6824 3454 
[14, 15, 22, 25, 29, 32, 33, 34, 43, 67, 68, 70, 78, 83, 89, 91, 92, 97, 114, 115, 128, 139, 140, 159, 161, 165, 179, 182, 223, 243, 244, 255, 259, 264, 279, 283, 290, 298, 309, 310, 312, 325, 326, 346, 352, 355, 356, 372, 374, 420, 421, 427, 435, 440, 441, 459, 514, 515, 541, 544, 547, 551, 557, 562, 565, 571, 578, 589, 595, 599, 601, 602, 608, 626, 639, 660, 661, 663, 683, 684, 690, 691, 703, 704, 705, 711, 735, 737, 746, 755, 765, 766, 770, 774, 775, 784, 785, 793, 794, 795, 796, 797, 798, 799, 803, 805, 806, 809, 822, 833, 837, 838, 841, 842, 848, 849, 855, 860, 872, 873, 883, 888, 891, 906, 912, 924, 925, 940, 944, 964, 975, 976, 978, 983, 1025, 1088, 1090, 1091, 1092, 1098, 1113, 1114, 1124, 1165, 1173, 1183, 1213, 1214, 1233, 1239, 1240, 1250, 1265, 1286, 1331, 1354, 1361, 1363, 1373, 1381, 1403, 1404, 1418, 1423, 1439, 1444, 1446, 1454, 1466, 1486, 1492, 1498, 1503, 1504, 1513, 1544, 1547, 1558, 1565, 1573, 1574, 1588, 1592, 1599, 1618, 1620, 1621, 1622, 1670, 1671, 1681, 1682, 1686, 1687, 1688, 1691, 1692, 1704, 1705, 1716, 1722, 1727, 1728, 1742, 1750, 1759, 1761, 1769, 1777, 1782, 1789, 1790, 1809, 1819, 1834, 1841, 1842, 1843, 1874, 1886, 1913, 1939, 1952, 1956, 1978, 1979, 1980, 1993, 1996, 2008, 2016, 2017, 2038, 2067, 2071, 2078, 2083, 2091, 2093, 2132, 2141, 2144, 2149, 2157, 2163, 2172, 2173, 2178, 2179, 2202, 2203, 2209, 2217, 2220, 2226, 2228, 2232, 2244, 2268, 2288, 2307, 2310, 2311, 2332, 2345, 2360, 2374, 2402, 2409, 2419, 2423, 2431, 2434, 2435, 2457, 2465, 2466, 2484, 2495, 2518, 2569, 2656, 2657, 2667, 2668, 2686, 2687, 2688, 2689, 2690, 2691, 2701, 2702, 2709, 2710, 2742, 2775, 2780, 2794, 2795, 2801, 2806, 2841, 2875, 2898, 2915, 2916, 2920, 2922, 2925, 2927, 2938, 2939, 2942, 2944, 2952, 2954, 2955, 2978, 2985, 3001, 3002, 3008, 3010, 3019, 3020, 3027, 3032, 3037, 3047, 3083, 3084, 3086, 3089, 3090, 3099, 3112, 3128, 3129, 3150, 3169, 3170, 3178, 3185, 3192, 3193, 3194, 3195, 3202, 3210, 3214, 3278, 3281, 3293, 3296, 3320, 3324, 3346, 3351, 3363, 3409, 3429, 3430]
The 5th cluster is
number of docs :271
The centroid is : 1664 841 5186 1666 2030 6659 3420 6664 2640 3005 4632 6661 987 2000 3858 4196 4268 4635 4942 6785 1655 4116 5552 1850 2719 3472 4073 4589 5914 5955 6088 6689 6711 6660 4761 6284 21 40 88 116 225 391 434 510 691 735 737 738 744 848 866 869 938 989 990 992 1064 1079 1081 1334 1467 1516 1951 2032 2093 2227 2318 2559 2582 2965 3433 3447 3458 3593 3665 3671 3717 3889 3903 3916 4004 4149 4194 4285 4340 4451 4483 4546 4662 4686 4858 4860 4945 4949 5049 5183 5187 5487 5528 5545 5764 5840 5890 5909 5944 5960 6067 6543 6562 6584 6674 6714 3534 3727 5725 6444 4941 445 1776 2300 5269 5943 2756 6423 1958 4417 879 4494 2031 5185 2215 2627 3394 4569 6874 3405 4627 2703 4143 5896 4093 6296 893 894 4205 4442 4497 6078 3998 1135 4804 4735 6454 89 2352 5891 6662 6837 847 5386 1317 4914 6757 3350 2013 3282 3498 6150 652 1030 2403 3012 3070 3821 6319 3616 3310 3317 3757 6903 6663 1580 4738 3827 678 3912 6636 5987 1433 1663 2654 237 4736 621 238 3936 1403 5461 3752 1250 3676 6618 2275 3897 4908 6705 4579 5167 5244 2907 527 1495 2492 3002 3060 5122 3754 3299 5256 3923 3902 6761 2082 3123 644 5435 2838 2533 4247 208 1028 1553 1849 3446 3849 5442 6597 6721 1206 3535 4926 2409 397 3301 4634 6061 6546 2795 3339 5553 4631 6333 6448 3660 4204 6824 1311 3506 3295 3519 3750 463 4264 6299 
[3, 16, 24, 35, 58, 66, 69, 80, 90, 100, 109, 112, 113, 141, 151, 163, 175, 187, 194, 197, 201, 202, 203, 207, 220, 236, 242, 262, 272, 292, 302, 311, 321, 343, 353, 363, 365, 366, 367, 378, 388, 398, 409, 422, 458, 492, 493, 516, 529, 540, 566, 580, 597, 619, 629, 642, 651, 662, 665, 672, 674, 685, 694, 697, 698, 699, 710, 733, 736, 744, 756, 767, 778, 789, 792, 801, 814, 825, 835, 856, 858, 859, 890, 911, 917, 918, 934, 946, 963, 970, 980, 997, 1037, 1042, 1087, 1152, 1153, 1184, 1195, 1241, 1252, 1261, 1264, 1276, 1303, 1304, 1327, 1329, 1336, 1349, 1353, 1369, 1400, 1406, 1455, 1458, 1485, 1511, 1556, 1557, 1576, 1580, 1581, 1589, 1590, 1594, 1595, 1596, 1627, 1631, 1634, 1644, 1645, 1647, 1651, 1661, 1677, 1684, 1715, 1717, 1723, 1729, 1740, 1741, 1766, 1767, 1772, 1775, 1778, 1794, 1795, 1796, 1803, 1831, 1863, 1866, 1868, 1869, 1873, 1875, 1903, 1936, 1938, 1947, 1949, 1950, 1951, 1955, 1964, 1977, 1984, 2020, 2031, 2033, 2060, 2090, 2092, 2101, 2102, 2107, 2115, 2131, 2133, 2160, 2213, 2223, 2225, 2239, 2256, 2260, 2267, 2279, 2289, 2293, 2296, 2303, 2323, 2326, 2334, 2355, 2356, 2366, 2373, 2376, 2393, 2403, 2404, 2410, 2413, 2414, 2416, 2422, 2428, 2436, 2440, 2442, 2458, 2463, 2467, 2468, 2471, 2474, 2486, 2520, 2532, 2543, 2545, 2568, 2613, 2614, 2625, 2635, 2636, 2640, 2646, 2652, 2655, 2659, 2666, 2670, 2673, 2682, 2684, 2695, 2711, 2718, 2781, 2838, 2846, 2914, 2961, 2995, 3022, 3023, 3040, 3051, 3052, 3096, 3104, 3225, 3241, 3279, 3288, 3297, 3302, 3327, 3340, 3342, 3377, 3411, 3412]
The 6th cluster is
number of docs :2084
The centroid is : 841 2640 3420 6689 4735 3282 3005 4494 4632 2030 89 3350 1664 879 6296 3858 4143 5186 847 1666 238 4635 5185 5896 5552 4627 4093 5891 6767 6880 3534 6881 4196 1433 4761 4442 6659 2031 2000 5386 6662 3422 4942 3929 2719 4941 1655 6299 2654 4736 5167 4116 2703 4205 3472 2756 4738 6705 4874 1467 4497 6660 2275 4247 1580 2716 6078 6837 3757 893 2032 987 6661 6785 6284 644 3902 2227 116 5840 3998 989 894 6061 1516 5960 4194 3096 40 3676 5487 4264 6521 5534 5528 3936 1334 3458 240 2082 4926 4908 990 992 5914 5244 5545 5017 3299 3916 2965 5049 5955 3344 3665 1850 2582 4546 88 391 3889 3903 4340 1030 4451 6562 6714 3123 225 735 737 738 848 866 869 1951 2093 2318 3671 4004 4149 4285 4686 4945 5187 5890 6067 6584 5571 3283 237 4804 4625 4452 6333 500 6887 6664 441 2838 463 
[1, 2, 5, 6, 7, 9, 10, 11, 12, 13, 17, 18, 19, 20, 21, 23, 27, 28, 31, 38, 39, 40, 41, 42, 44, 45, 46, 47, 48, 49, 50, 51, 52, 53, 54, 55, 56, 57, 60, 61, 62, 65, 71, 72, 73, 74, 76, 81, 82, 85, 86, 87, 88, 93, 94, 95, 96, 99, 101, 104, 105, 106, 107, 108, 111, 116, 117, 118, 119, 120, 121, 122, 123, 124, 126, 127, 129, 131, 132, 133, 134, 135, 136, 137, 143, 146, 147, 148, 149, 150, 152, 153, 154, 155, 156, 157, 160, 162, 164, 168, 169, 170, 171, 172, 173, 174, 176, 177, 178, 180, 183, 184, 185, 190, 191, 192, 193, 196, 198, 199, 200, 205, 206, 208, 209, 212, 213, 214, 215, 216, 217, 218, 221, 225, 226, 228, 231, 232, 233, 234, 235, 237, 238, 239, 241, 245, 249, 251, 252, 253, 258, 265, 266, 267, 268, 270, 274, 275, 276, 277, 281, 284, 285, 286, 287, 288, 293, 294, 295, 296, 300, 301, 304, 306, 307, 319, 320, 322, 328, 329, 330, 331, 334, 335, 336, 338, 339, 340, 341, 348, 349, 350, 357, 358, 359, 360, 364, 368, 369, 370, 371, 375, 376, 377, 379, 380, 381, 383, 385, 386, 387, 392, 393, 396, 397, 399, 400, 402, 403, 404, 405, 406, 407, 411, 412, 414, 415, 416, 418, 419, 423, 424, 425, 426, 428, 429, 430, 431, 432, 433, 436, 437, 438, 439, 444, 446, 447, 448, 449, 450, 453, 454, 461, 462, 465, 466, 467, 468, 469, 470, 471, 472, 473, 474, 475, 477, 478, 480, 481, 482, 483, 484, 485, 487, 488, 490, 494, 495, 496, 497, 498, 499, 500, 501, 503, 504, 505, 506, 507, 508, 509, 510, 511, 512, 513, 518, 519, 520, 521, 522, 523, 526, 528, 530, 532, 534, 535, 538, 542, 543, 545, 546, 548, 549, 550, 552, 553, 554, 555, 558, 559, 560, 561, 563, 564, 567, 568, 569, 570, 572, 574, 575, 576, 577, 579, 582, 583, 586, 587, 590, 591, 593, 598, 600, 604, 605, 606, 607, 609, 610, 611, 612, 615, 616, 617, 618, 620, 621, 622, 623, 624, 625, 627, 628, 630, 631, 632, 633, 634, 635, 638, 644, 645, 646, 647, 649, 650, 652, 653, 654, 656, 657, 659, 666, 667, 668, 669, 671, 673, 675, 676, 677, 678, 679, 680, 687, 688, 696, 706, 707, 708, 709, 712, 713, 714, 715, 716, 717, 718, 719, 720, 721, 722, 723, 724, 725, 730, 738, 739, 740, 742, 747, 748, 750, 751, 752, 753, 754, 759, 760, 761, 762, 763, 764, 768, 771, 772, 773, 777, 780, 781, 782, 783, 790, 791, 800, 804, 807, 808, 810, 811, 813, 815, 816, 817, 820, 821, 823, 824, 826, 827, 828, 829, 831, 832, 834, 836, 840, 845, 846, 847, 850, 851, 857, 861, 862, 864, 865, 866, 867, 868, 874, 875, 876, 877, 878, 879, 880, 881, 882, 884, 885, 887, 892, 893, 894, 895, 898, 900, 901, 902, 904, 905, 908, 909, 910, 913, 914, 915, 916, 919, 920, 921, 922, 923, 926, 927, 928, 930, 931, 932, 933, 935, 936, 937, 939, 942, 943, 945, 947, 948, 949, 950, 951, 952, 953, 955, 956, 957, 958, 959, 960, 961, 962, 966, 967, 968, 969, 971, 972, 973, 974, 977, 981, 984, 985, 986, 987, 988, 990, 991, 992, 993, 994, 995, 996, 998, 999, 1000, 1001, 1002, 1003, 1004, 1005, 1006, 1007, 1008, 1009, 1010, 1011, 1012, 1013, 1014, 1015, 1016, 1019, 1021, 1022, 1023, 1024, 1026, 1027, 1028, 1029, 1030, 1031, 1032, 1033, 1034, 1035, 1038, 1039, 1040, 1041, 1043, 1044, 1046, 1047, 1048, 1049, 1050, 1051, 1053, 1054, 1055, 1057, 1058, 1059, 1060, 1061, 1063, 1065, 1066, 1067, 1068, 1069, 1070, 1072, 1073, 1074, 1075, 1076, 1077, 1078, 1079, 1082, 1083, 1084, 1085, 1086, 1089, 1093, 1094, 1095, 1096, 1097, 1099, 1100, 1101, 1102, 1103, 1105, 1106, 1107, 1108, 1109, 1110, 1111, 1112, 1117, 1118, 1119, 1120, 1121, 1122, 1125, 1126, 1127, 1128, 1129, 1130, 1131, 1132, 1133, 1134, 1135, 1138, 1139, 1140, 1141, 1142, 1143, 1146, 1147, 1148, 1149, 1150, 1154, 1155, 1156, 1157, 1158, 1159, 1161, 1162, 1163, 1164, 1166, 1167, 1168, 1169, 1170, 1171, 1174, 1175, 1176, 1177, 1178, 1179, 1180, 1181, 1182, 1185, 1186, 1188, 1189, 1190, 1191, 1192, 1193, 1194, 1196, 1197, 1198, 1199, 1201, 1202, 1203, 1206, 1207, 1209, 1210, 1211, 1212, 1215, 1216, 1217, 1218, 1219, 1220, 1221, 1222, 1223, 1224, 1225, 1226, 1227, 1228, 1229, 1231, 1232, 1234, 1235, 1237, 1242, 1243, 1244, 1245, 1246, 1248, 1251, 1253, 1254, 1255, 1256, 1257, 1258, 1259, 1260, 1262, 1263, 1266, 1267, 1268, 1269, 1270, 1271, 1272, 1273, 1274, 1275, 1277, 1278, 1279, 1282, 1283, 1284, 1287, 1288, 1289, 1290, 1291, 1292, 1293, 1295, 1296, 1297, 1298, 1299, 1300, 1301, 1302, 1305, 1306, 1307, 1308, 1309, 1310, 1312, 1313, 1314, 1315, 1316, 1318, 1319, 1320, 1322, 1323, 1324, 1325, 1326, 1328, 1330, 1332, 1333, 1334, 1337, 1338, 1339, 1340, 1341, 1342, 1343, 1345, 1347, 1348, 1350, 1351, 1352, 1355, 1356, 1357, 1358, 1359, 1360, 1362, 1364, 1365, 1366, 1371, 1372, 1375, 1376, 1377, 1378, 1379, 1380, 1382, 1383, 1384, 1385, 1388, 1389, 1390, 1391, 1392, 1393, 1394, 1396, 1397, 1398, 1399, 1401, 1402, 1405, 1407, 1408, 1409, 1410, 1411, 1412, 1413, 1414, 1415, 1416, 1417, 1419, 1420, 1422, 1425, 1426, 1427, 1429, 1430, 1431, 1432, 1433, 1434, 1435, 1436, 1437, 1440, 1441, 1443, 1445, 1447, 1448, 1449, 1450, 1451, 1452, 1453, 1456, 1457, 1459, 1460, 1461, 1462, 1463, 1464, 1465, 1467, 1468, 1469, 1470, 1471, 1472, 1473, 1474, 1475, 1476, 1477, 1478, 1479, 1480, 1481, 1482, 1483, 1484, 1487, 1489, 1490, 1491, 1493, 1494, 1495, 1496, 1497, 1499, 1500, 1502, 1505, 1506, 1508, 1509, 1510, 1514, 1515, 1516, 1517, 1518, 1519, 1520, 1521, 1522, 1523, 1524, 1525, 1526, 1527, 1528, 1529, 1530, 1531, 1532, 1533, 1534, 1535, 1536, 1537, 1538, 1539, 1540, 1541, 1542, 1543, 1545, 1546, 1548, 1549, 1550, 1551, 1553, 1554, 1559, 1560, 1561, 1562, 1564, 1566, 1567, 1569, 1570, 1571, 1572, 1575, 1579, 1582, 1585, 1586, 1587, 1591, 1593, 1600, 1601, 1602, 1603, 1604, 1605, 1606, 1607, 1608, 1611, 1612, 1613, 1614, 1615, 1616, 1617, 1619, 1623, 1624, 1626, 1628, 1629, 1630, 1632, 1637, 1638, 1640, 1641, 1642, 1643, 1646, 1648, 1655, 1656, 1657, 1659, 1660, 1662, 1665, 1666, 1669, 1672, 1673, 1674, 1675, 1676, 1678, 1680, 1690, 1693, 1694, 1695, 1696, 1697, 1698, 1699, 1700, 1701, 1703, 1707, 1708, 1709, 1710, 1711, 1712, 1713, 1714, 1719, 1726, 1730, 1731, 1734, 1735, 1738, 1739, 1743, 1744, 1747, 1748, 1749, 1752, 1753, 1754, 1755, 1757, 1758, 1760, 1763, 1764, 1765, 1770, 1773, 1774, 1776, 1779, 1781, 1783, 1792, 1793, 1798, 1799, 1800, 1801, 1804, 1805, 1806, 1807, 1810, 1811, 1812, 1813, 1814, 1816, 1817, 1820, 1821, 1822, 1823, 1824, 1825, 1827, 1832, 1835, 1837, 1840, 1846, 1847, 1850, 1859, 1862, 1865, 1867, 1872, 1882, 1884, 1885, 1887, 1888, 1895, 1896, 1899, 1901, 1904, 1907, 1908, 1909, 1911, 1912, 1918, 1919, 1920, 1922, 1923, 1924, 1925, 1926, 1929, 1931, 1940, 1943, 1958, 1960, 1961, 1962, 1963, 1965, 1966, 1968, 1969, 1971, 1981, 1983, 1991, 1994, 1995, 2001, 2005, 2006, 2007, 2009, 2010, 2011, 2015, 2018, 2025, 2026, 2028, 2030, 2034, 2037, 2039, 2040, 2041, 2046, 2047, 2048, 2049, 2050, 2055, 2056, 2058, 2059, 2062, 2063, 2064, 2065, 2066, 2068, 2069, 2070, 2072, 2073, 2074, 2076, 2077, 2080, 2082, 2084, 2085, 2089, 2095, 2097, 2098, 2100, 2103, 2105, 2108, 2109, 2110, 2111, 2112, 2113, 2114, 2116, 2117, 2118, 2119, 2120, 2122, 2123, 2124, 2125, 2127, 2128, 2129, 2130, 2134, 2135, 2137, 2138, 2139, 2140, 2142, 2143, 2146, 2147, 2148, 2150, 2151, 2152, 2154, 2155, 2156, 2159, 2161, 2162, 2164, 2165, 2166, 2174, 2175, 2181, 2182, 2183, 2184, 2185, 2186, 2187, 2188, 2192, 2193, 2194, 2195, 2196, 2199, 2205, 2207, 2208, 2210, 2211, 2216, 2218, 2219, 2221, 2222, 2224, 2227, 2230, 2231, 2234, 2235, 2236, 2237, 2238, 2240, 2241, 2242, 2243, 2246, 2248, 2252, 2254, 2257, 2258, 2264, 2265, 2269, 2270, 2271, 2272, 2273, 2274, 2276, 2277, 2278, 2283, 2284, 2285, 2287, 2292, 2299, 2300, 2301, 2302, 2305, 2308, 2309, 2312, 2313, 2314, 2315, 2318, 2320, 2321, 2324, 2325, 2327, 2328, 2329, 2335, 2336, 2339, 2341, 2343, 2344, 2347, 2350, 2351, 2352, 2354, 2357, 2359, 2361, 2362, 2363, 2364, 2367, 2368, 2369, 2370, 2371, 2372, 2375, 2377, 2378, 2379, 2383, 2385, 2386, 2387, 2388, 2389, 2394, 2395, 2396, 2397, 2398, 2400, 2401, 2405, 2406, 2407, 2408, 2411, 2412, 2418, 2425, 2426, 2429, 2433, 2437, 2438, 2446, 2447, 2448, 2449, 2450, 2452, 2453, 2454, 2455, 2456, 2461, 2462, 2470, 2475, 2476, 2477, 2485, 2487, 2488, 2489, 2490, 2491, 2492, 2493, 2496, 2497, 2498, 2499, 2500, 2501, 2502, 2504, 2505, 2507, 2508, 2509, 2511, 2513, 2515, 2519, 2522, 2523, 2524, 2525, 2526, 2528, 2530, 2531, 2534, 2535, 2536, 2539, 2541, 2542, 2546, 2547, 2549, 2551, 2552, 2553, 2554, 2555, 2557, 2558, 2559, 2560, 2561, 2562, 2563, 2564, 2565, 2566, 2567, 2571, 2573, 2575, 2576, 2579, 2580, 2581, 2582, 2583, 2585, 2586, 2587, 2588, 2589, 2590, 2593, 2594, 2595, 2597, 2599, 2602, 2603, 2604, 2605, 2606, 2607, 2610, 2611, 2612, 2615, 2617, 2619, 2620, 2621, 2622, 2623, 2624, 2626, 2627, 2632, 2634, 2637, 2638, 2639, 2641, 2642, 2645, 2648, 2649, 2651, 2653, 2654, 2660, 2661, 2662, 2664, 2665, 2674, 2675, 2679, 2680, 2685, 2692, 2693, 2694, 2696, 2697, 2698, 2699, 2700, 2703, 2704, 2705, 2706, 2707, 2708, 2712, 2713, 2714, 2715, 2716, 2717, 2719, 2720, 2722, 2723, 2724, 2725, 2726, 2729, 2730, 2732, 2733, 2734, 2736, 2737, 2738, 2739, 2740, 2741, 2743, 2744, 2745, 2746, 2747, 2748, 2749, 2750, 2751, 2752, 2753, 2755, 2756, 2757, 2758, 2759, 2760, 2761, 2762, 2763, 2764, 2765, 2766, 2767, 2768, 2769, 2770, 2771, 2772, 2773, 2776, 2778, 2782, 2783, 2784, 2785, 2786, 2787, 2788, 2789, 2790, 2796, 2797, 2800, 2802, 2804, 2805, 2807, 2808, 2810, 2811, 2813, 2814, 2815, 2816, 2817, 2818, 2819, 2820, 2822, 2823, 2824, 2825, 2827, 2828, 2829, 2833, 2834, 2835, 2836, 2839, 2842, 2843, 2844, 2845, 2848, 2849, 2850, 2851, 2852, 2853, 2854, 2855, 2856, 2857, 2858, 2860, 2861, 2862, 2864, 2865, 2866, 2867, 2868, 2869, 2870, 2871, 2872, 2873, 2874, 2876, 2877, 2880, 2881, 2882, 2883, 2884, 2885, 2886, 2887, 2888, 2889, 2890, 2891, 2892, 2893, 2894, 2895, 2899, 2900, 2901, 2903, 2905, 2907, 2908, 2909, 2910, 2912, 2913, 2917, 2918, 2921, 2923, 2926, 2928, 2929, 2930, 2931, 2933, 2934, 2935, 2936, 2937, 2941, 2943, 2945, 2946, 2948, 2949, 2950, 2956, 2957, 2958, 2960, 2962, 2963, 2964, 2965, 2966, 2967, 2968, 2969, 2970, 2971, 2972, 2973, 2976, 2980, 2981, 2982, 2983, 2984, 2986, 2987, 2991, 2992, 2993, 2994, 2996, 2998, 2999, 3000, 3003, 3004, 3005, 3006, 3011, 3012, 3013, 3014, 3015, 3016, 3017, 3024, 3025, 3026, 3029, 3030, 3031, 3033, 3034, 3035, 3038, 3039, 3041, 3042, 3043, 3044, 3045, 3046, 3048, 3049, 3050, 3053, 3054, 3055, 3056, 3057, 3058, 3059, 3060, 3061, 3062, 3065, 3066, 3067, 3068, 3069, 3070, 3071, 3072, 3073, 3074, 3075, 3076, 3077, 3078, 3081, 3082, 3085, 3088, 3091, 3092, 3093, 3094, 3095, 3097, 3098, 3101, 3105, 3106, 3107, 3108, 3109, 3111, 3113, 3114, 3115, 3116, 3120, 3121, 3122, 3124, 3125, 3126, 3130, 3131, 3132, 3133, 3134, 3135, 3136, 3137, 3138, 3140, 3141, 3142, 3143, 3144, 3145, 3146, 3148, 3149, 3151, 3152, 3153, 3154, 3155, 3156, 3157, 3158, 3159, 3160, 3163, 3166, 3167, 3171, 3172, 3174, 3175, 3176, 3177, 3180, 3181, 3182, 3183, 3184, 3186, 3187, 3188, 3189, 3190, 3191, 3196, 3197, 3199, 3200, 3201, 3203, 3205, 3206, 3208, 3209, 3211, 3212, 3213, 3215, 3217, 3218, 3220, 3221, 3222, 3223, 3224, 3226, 3227, 3228, 3229, 3230, 3231, 3232, 3233, 3234, 3235, 3236, 3237, 3238, 3239, 3240, 3242, 3243, 3244, 3245, 3246, 3247, 3248, 3249, 3250, 3251, 3253, 3254, 3255, 3256, 3257, 3258, 3259, 3260, 3261, 3262, 3263, 3264, 3265, 3266, 3267, 3268, 3269, 3270, 3271, 3272, 3273, 3276, 3280, 3282, 3283, 3284, 3285, 3286, 3287, 3291, 3292, 3294, 3298, 3299, 3300, 3301, 3303, 3304, 3305, 3306, 3307, 3308, 3309, 3310, 3313, 3314, 3315, 3316, 3317, 3318, 3319, 3321, 3322, 3323, 3325, 3326, 3328, 3329, 3330, 3331, 3332, 3334, 3335, 3336, 3337, 3338, 3341, 3343, 3344, 3345, 3348, 3349, 3352, 3353, 3354, 3355, 3356, 3357, 3358, 3360, 3361, 3362, 3365, 3366, 3367, 3368, 3369, 3370, 3371, 3372, 3373, 3374, 3375, 3376, 3378, 3379, 3380, 3381, 3383, 3384, 3386, 3387, 3388, 3390, 3391, 3392, 3393, 3394, 3395, 3396, 3397, 3398, 3399, 3400, 3402, 3404, 3405, 3406, 3407, 3408, 3410, 3413, 3414, 3415, 3416, 3417, 3418, 3419, 3420, 3421, 3422, 3423, 3424, 3425, 3426, 3427, 3428]
The 7th cluster is
number of docs :246
The centroid is : 4632 6662 841 3420 1664 4761 6078 6903 4634 4635 1580 2013 4205 3317 1666 5244 1096 3350 5891 3276 4941 2030 4497 6357 3608 2657 2640 879 3507 3534 6486 5613 4143 644 3902 3461 894 5896 1593 4442 750 2031 3858 893 1582 4194 6296 6659 5659 4093 4247 4420 6061 5167 3005 4579 5185 5186 4627 4494 2907 847 1277 3422 3632 
[8, 36, 37, 64, 77, 142, 144, 166, 167, 189, 289, 299, 342, 351, 362, 394, 413, 460, 476, 525, 531, 603, 613, 648, 693, 695, 701, 702, 728, 729, 734, 788, 839, 853, 854, 863, 889, 899, 929, 938, 941, 982, 1017, 1036, 1062, 1136, 1137, 1144, 1151, 1160, 1172, 1205, 1238, 1249, 1285, 1321, 1346, 1386, 1387, 1512, 1552, 1555, 1563, 1577, 1636, 1664, 1683, 1689, 1720, 1721, 1732, 1733, 1756, 1797, 1808, 1815, 1828, 1829, 1830, 1838, 1848, 1856, 1857, 1858, 1860, 1861, 1864, 1877, 1879, 1880, 1881, 1883, 1889, 1890, 1891, 1892, 1893, 1898, 1900, 1905, 1921, 1932, 1942, 1944, 1945, 1953, 1954, 1972, 1973, 1975, 1986, 1989, 1997, 1999, 2000, 2002, 2003, 2012, 2013, 2019, 2021, 2022, 2023, 2024, 2029, 2035, 2036, 2043, 2051, 2052, 2054, 2057, 2075, 2099, 2104, 2145, 2153, 2158, 2169, 2170, 2171, 2189, 2190, 2197, 2198, 2201, 2206, 2212, 2229, 2233, 2245, 2247, 2249, 2250, 2251, 2259, 2261, 2266, 2275, 2280, 2281, 2290, 2291, 2295, 2297, 2298, 2304, 2322, 2331, 2333, 2340, 2353, 2380, 2381, 2382, 2390, 2391, 2392, 2420, 2421, 2424, 2439, 2441, 2451, 2473, 2480, 2481, 2482, 2506, 2517, 2521, 2529, 2533, 2540, 2548, 2556, 2570, 2572, 2584, 2600, 2601, 2609, 2618, 2628, 2630, 2631, 2633, 2644, 2663, 2672, 2676, 2678, 2721, 2727, 2731, 2735, 2774, 2809, 2821, 2830, 2847, 2896, 2897, 2911, 2951, 2959, 2975, 2979, 2990, 3018, 3063, 3080, 3087, 3110, 3139, 3164, 3168, 3179, 3207, 3252, 3289, 3290, 3339, 3382, 3385, 3403]
