The 0th cluster is
number of docs :76
The centroid is : 3420 6662 6785 841 3350 4632 5891 4205 4761 1666 6903 1664 2013 2352 6078 4941 3534 6299 1580 4579 5896 1096 879 4634 4497 4635 237 2403 3276 3317 3123 3422 3539 3608 894 1582 3858 5987 6357 6663 374 753 3332 6387 5244 6659 3506 6319 2759 6325 6454 6486 1124 2907 3070 5469 6745 2657 6061 6081 2030 2919 4494 355 2814 3897 147 5659 893 6115 951 996 2378 3507 5613 6828 1645 4093 4442 4479 5200 3461 3776 1342 4143 5695 2275 6405 3011 750 847 6618 1593 4204 2015 5025 6296 4627 3231 4247 6487 2021 2576 2640 2832 4735 5555 6661 6321 3993 4420 1587 644 3902 6799 5167 4185 
[37, 77, 332, 362, 695, 850, 917, 1118, 1238, 1485, 1617, 1634, 1640, 1648, 1661, 1667, 1732, 1796, 1797, 1808, 1809, 1815, 1829, 1830, 1851, 1856, 1877, 1879, 1880, 1881, 1883, 1891, 1898, 1905, 1935, 1938, 1942, 1944, 1945, 1951, 1959, 1973, 1977, 1986, 1989, 1999, 2000, 2003, 2012, 2013, 2021, 2043, 2044, 2057, 2190, 2213, 2214, 2245, 2261, 2268, 2281, 2290, 2334, 2340, 2380, 2402, 2601, 2628, 2731, 2735, 2750, 2830, 3051, 3106, 3207, 3339]
The 1th cluster is
number of docs :302
The centroid is : 2640 5186 841 3420 1666 6880 5185 6767 3005 2030 4632 1664 4735 3350 879 4143 4494 4442 5896 847 3858 4093 4761 89 5891 4627 4736 2703 4247 1580 4635 894 2013 4205 6662 4941 893 238 1433 6296 6061 644 3902 2654 3344 4738 5167 4497 5571 3422 4631 6785 
[10, 36, 41, 46, 47, 52, 71, 94, 95, 112, 121, 133, 150, 158, 169, 177, 178, 205, 206, 208, 215, 216, 236, 237, 277, 287, 319, 327, 329, 340, 349, 354, 357, 364, 376, 387, 424, 433, 437, 438, 445, 447, 453, 460, 461, 468, 484, 486, 494, 509, 523, 525, 548, 554, 555, 559, 563, 579, 586, 587, 588, 596, 605, 613, 616, 621, 622, 630, 633, 654, 672, 677, 678, 689, 715, 716, 720, 732, 758, 768, 773, 789, 808, 816, 821, 857, 863, 887, 889, 947, 948, 967, 985, 995, 997, 1029, 1041, 1064, 1070, 1084, 1089, 1094, 1144, 1150, 1151, 1179, 1192, 1276, 1286, 1299, 1301, 1313, 1322, 1329, 1338, 1340, 1354, 1356, 1357, 1362, 1368, 1372, 1385, 1389, 1393, 1394, 1443, 1460, 1473, 1475, 1481, 1489, 1496, 1514, 1524, 1544, 1545, 1551, 1553, 1560, 1561, 1576, 1584, 1595, 1605, 1629, 1677, 1688, 1701, 1707, 1714, 1715, 1744, 1755, 1776, 1795, 1828, 1838, 1866, 1867, 1900, 1911, 1912, 1931, 1936, 1940, 1983, 2001, 2007, 2063, 2074, 2092, 2098, 2101, 2109, 2116, 2129, 2135, 2153, 2155, 2165, 2167, 2170, 2171, 2176, 2180, 2192, 2195, 2223, 2242, 2255, 2256, 2312, 2320, 2333, 2335, 2342, 2357, 2373, 2377, 2387, 2388, 2428, 2434, 2439, 2440, 2442, 2452, 2467, 2468, 2505, 2511, 2542, 2548, 2554, 2555, 2596, 2618, 2619, 2620, 2624, 2632, 2644, 2658, 2672, 2677, 2678, 2717, 2724, 2734, 2742, 2752, 2758, 2759, 2768, 2778, 2784, 2785, 2789, 2790, 2804, 2805, 2809, 2811, 2813, 2838, 2843, 2844, 2845, 2856, 2858, 2877, 2897, 2901, 2923, 2928, 2935, 2978, 2981, 2990, 2991, 2992, 2997, 3004, 3005, 3034, 3040, 3060, 3067, 3068, 3079, 3080, 3097, 3118, 3148, 3157, 3164, 3190, 3191, 3206, 3215, 3262, 3263, 3266, 3274, 3277, 3285, 3287, 3292, 3302, 3304, 3305, 3317, 3343, 3355, 3375, 3382, 3385, 3390, 3392, 3406, 3419]
The 2th cluster is
number of docs :323
The centroid is : 3282 2640 841 6689 4627 89 3929 4735 4494 238 847 879 6884 4093 4143 3283 6299 4264 338 3420 240 3005 5896 6078 2716 3350 2030 3858 1433 5534 6767 1664 6705 4738 5765 4685 5891 6887 5185 6521 4632 6061 6296 237 4874 2654 441 504 3123 3219 3435 1106 4908 4442 1666 5167 6333 444 4926 6421 5186 1980 4262 2275 4579 5408 2838 6881 4452 4761 397 5286 2494 5552 4497 5009 1580 644 3902 4625 1740 375 3676 2082 3299 4736 1630 3757 3295 4258 4247 6761 500 2758 3422 6224 1140 3096 2703 3750 3558 3998 4585 6880 90 2522 1681 6448 3238 4005 2031 6662 2269 2498 870 893 4185 339 4204 6785 3874 6659 3827 1575 4092 4570 5386 1199 4236 5173 1124 4205 4635 2492 2756 3507 871 3883 5025 6223 1296 3695 1605 3301 5017 5571 4941 5575 6319 2554 4492 5561 4014 3696 1031 6745 2543 5051 6867 4155 4930 543 3310 2021 3284 5659 
[19, 20, 56, 85, 86, 118, 145, 183, 201, 232, 241, 253, 275, 284, 320, 335, 383, 393, 394, 400, 402, 416, 471, 477, 482, 495, 503, 511, 512, 513, 518, 519, 530, 532, 539, 561, 573, 591, 592, 610, 623, 634, 647, 652, 664, 667, 679, 688, 696, 709, 725, 739, 742, 753, 762, 764, 780, 787, 812, 832, 878, 903, 922, 928, 930, 936, 943, 944, 972, 974, 979, 994, 1003, 1004, 1014, 1018, 1023, 1031, 1039, 1040, 1043, 1044, 1047, 1048, 1052, 1059, 1082, 1099, 1117, 1125, 1127, 1128, 1134, 1142, 1153, 1159, 1164, 1174, 1176, 1184, 1189, 1190, 1191, 1194, 1198, 1203, 1206, 1209, 1220, 1221, 1228, 1246, 1255, 1259, 1266, 1270, 1277, 1283, 1285, 1288, 1293, 1296, 1297, 1298, 1305, 1312, 1314, 1317, 1318, 1320, 1323, 1378, 1382, 1383, 1384, 1400, 1414, 1415, 1424, 1425, 1440, 1459, 1469, 1487, 1491, 1499, 1505, 1520, 1534, 1536, 1537, 1549, 1569, 1608, 1619, 1630, 1638, 1709, 1745, 1748, 1757, 1758, 1767, 1805, 1810, 1817, 1887, 1903, 1908, 1947, 1984, 2009, 2064, 2065, 2066, 2076, 2082, 2084, 2095, 2099, 2104, 2108, 2112, 2113, 2115, 2122, 2123, 2127, 2133, 2146, 2151, 2159, 2164, 2175, 2187, 2193, 2196, 2205, 2207, 2210, 2222, 2227, 2270, 2271, 2283, 2284, 2287, 2292, 2295, 2300, 2301, 2308, 2345, 2351, 2371, 2378, 2379, 2385, 2394, 2408, 2409, 2417, 2420, 2433, 2438, 2476, 2477, 2483, 2493, 2496, 2500, 2502, 2513, 2523, 2525, 2559, 2560, 2571, 2575, 2580, 2582, 2584, 2585, 2586, 2594, 2598, 2638, 2641, 2642, 2648, 2655, 2675, 2698, 2704, 2770, 2771, 2802, 2828, 2833, 2839, 2850, 2865, 2866, 2867, 2884, 2891, 2894, 2912, 2917, 2950, 2957, 2960, 2968, 2971, 2973, 2975, 2976, 2980, 2986, 3007, 3042, 3048, 3050, 3053, 3070, 3071, 3072, 3077, 3088, 3091, 3092, 3095, 3114, 3116, 3135, 3154, 3158, 3183, 3196, 3199, 3218, 3220, 3233, 3238, 3253, 3254, 3256, 3259, 3290, 3303, 3313, 3323, 3329, 3331, 3336, 3338, 3344, 3358, 3367, 3372, 3374, 3387, 3423]
The 3th cluster is
number of docs :1092
The centroid is : 841 3420 2640 6296 6689 4735 3282 3350 89 4632 4494 879 847 1664 4143 6881 3858 5896 3422 4635 1666 4761 5891 2013 4093 238 1580 2030 4205 5244 4941 1096 4627 6078 3005 1433 4442 3608 2657 5167 894 3534 644 893 3902 4247 4736 4497 6061 2654 5185 6662 3507 3929 2275 3676 6659 5186 4634 3998 6299 4926 4874 6785 4738 5017 240 5571 2082 6252 3299 2703 3936 6333 5386 463 
[1, 2, 6, 7, 8, 9, 11, 17, 18, 23, 26, 27, 30, 31, 39, 42, 48, 49, 51, 57, 65, 72, 73, 74, 75, 76, 81, 84, 87, 99, 101, 102, 104, 105, 106, 107, 108, 116, 117, 119, 120, 122, 127, 130, 132, 134, 135, 137, 138, 142, 146, 147, 152, 153, 156, 160, 162, 167, 168, 173, 174, 176, 185, 186, 188, 190, 192, 193, 198, 199, 200, 207, 213, 214, 218, 221, 225, 226, 227, 239, 245, 249, 261, 265, 266, 267, 268, 269, 270, 274, 285, 289, 293, 294, 296, 300, 304, 328, 330, 337, 338, 339, 350, 370, 380, 381, 385, 386, 390, 391, 396, 399, 403, 404, 405, 406, 411, 418, 419, 423, 425, 426, 429, 432, 444, 448, 455, 456, 462, 465, 470, 472, 475, 478, 488, 492, 496, 497, 498, 499, 500, 501, 502, 506, 507, 508, 517, 520, 521, 522, 524, 526, 528, 531, 533, 535, 536, 542, 543, 558, 568, 570, 574, 581, 582, 583, 584, 594, 604, 609, 611, 612, 614, 615, 617, 618, 627, 628, 632, 644, 645, 646, 648, 650, 653, 656, 657, 659, 666, 668, 669, 671, 673, 680, 712, 713, 714, 717, 718, 726, 727, 734, 738, 741, 743, 748, 750, 757, 759, 760, 763, 776, 779, 783, 788, 800, 802, 811, 817, 818, 819, 820, 824, 826, 827, 828, 829, 830, 831, 834, 836, 840, 846, 852, 864, 866, 867, 874, 877, 886, 893, 894, 897, 898, 900, 909, 910, 914, 915, 919, 920, 921, 923, 926, 929, 932, 933, 945, 949, 950, 951, 952, 953, 954, 956, 958, 961, 969, 971, 973, 981, 982, 986, 988, 990, 996, 1000, 1001, 1006, 1008, 1009, 1015, 1016, 1017, 1021, 1022, 1026, 1028, 1030, 1033, 1034, 1038, 1045, 1049, 1051, 1053, 1054, 1056, 1057, 1065, 1066, 1069, 1072, 1074, 1075, 1076, 1077, 1080, 1081, 1097, 1098, 1101, 1102, 1103, 1104, 1105, 1110, 1111, 1112, 1116, 1119, 1122, 1126, 1129, 1131, 1132, 1135, 1139, 1141, 1145, 1147, 1148, 1149, 1154, 1155, 1156, 1160, 1161, 1167, 1169, 1171, 1177, 1178, 1185, 1186, 1193, 1199, 1200, 1201, 1202, 1204, 1208, 1210, 1211, 1215, 1217, 1218, 1222, 1223, 1224, 1225, 1231, 1232, 1234, 1235, 1236, 1237, 1244, 1245, 1247, 1249, 1251, 1253, 1256, 1262, 1263, 1269, 1271, 1272, 1275, 1280, 1281, 1282, 1284, 1294, 1300, 1302, 1303, 1307, 1309, 1310, 1311, 1315, 1333, 1334, 1335, 1337, 1342, 1343, 1347, 1348, 1351, 1355, 1359, 1360, 1365, 1375, 1377, 1379, 1380, 1387, 1397, 1398, 1399, 1402, 1406, 1407, 1409, 1410, 1411, 1413, 1416, 1417, 1419, 1420, 1421, 1426, 1428, 1429, 1430, 1431, 1434, 1436, 1437, 1441, 1442, 1449, 1450, 1453, 1461, 1462, 1464, 1470, 1472, 1474, 1476, 1479, 1488, 1490, 1493, 1500, 1501, 1502, 1508, 1515, 1516, 1517, 1522, 1525, 1535, 1538, 1541, 1548, 1552, 1554, 1571, 1577, 1578, 1579, 1582, 1583, 1590, 1591, 1597, 1602, 1603, 1609, 1610, 1625, 1626, 1628, 1631, 1632, 1633, 1635, 1636, 1639, 1642, 1643, 1644, 1647, 1650, 1651, 1653, 1655, 1662, 1663, 1664, 1666, 1668, 1672, 1679, 1684, 1694, 1696, 1697, 1698, 1702, 1712, 1713, 1718, 1720, 1724, 1725, 1726, 1730, 1734, 1735, 1736, 1737, 1743, 1749, 1751, 1753, 1756, 1765, 1766, 1771, 1775, 1779, 1780, 1784, 1785, 1786, 1787, 1791, 1792, 1793, 1794, 1799, 1801, 1804, 1806, 1807, 1811, 1812, 1814, 1818, 1820, 1821, 1823, 1824, 1835, 1836, 1846, 1847, 1848, 1849, 1852, 1853, 1854, 1855, 1857, 1858, 1865, 1870, 1871, 1872, 1876, 1878, 1882, 1888, 1889, 1890, 1892, 1896, 1897, 1901, 1902, 1904, 1906, 1909, 1910, 1914, 1915, 1916, 1917, 1921, 1923, 1924, 1925, 1926, 1927, 1928, 1930, 1934, 1937, 1941, 1946, 1949, 1954, 1957, 1960, 1961, 1965, 1966, 1967, 1968, 1970, 1971, 1972, 1974, 1976, 1985, 1988, 1990, 1991, 1997, 2002, 2004, 2005, 2008, 2010, 2014, 2018, 2022, 2024, 2025, 2027, 2030, 2032, 2033, 2035, 2036, 2039, 2040, 2041, 2042, 2045, 2048, 2049, 2052, 2053, 2054, 2055, 2058, 2069, 2072, 2081, 2086, 2087, 2100, 2103, 2105, 2111, 2114, 2124, 2125, 2126, 2138, 2139, 2143, 2147, 2154, 2158, 2161, 2162, 2169, 2181, 2182, 2183, 2185, 2191, 2194, 2197, 2198, 2200, 2201, 2204, 2206, 2208, 2212, 2215, 2224, 2225, 2230, 2231, 2235, 2236, 2237, 2238, 2241, 2243, 2247, 2248, 2249, 2251, 2252, 2253, 2258, 2259, 2264, 2265, 2273, 2274, 2275, 2276, 2278, 2282, 2291, 2294, 2304, 2309, 2314, 2317, 2318, 2319, 2321, 2322, 2323, 2325, 2328, 2329, 2330, 2331, 2336, 2337, 2338, 2343, 2346, 2347, 2348, 2349, 2352, 2354, 2359, 2361, 2363, 2364, 2365, 2368, 2372, 2381, 2383, 2384, 2389, 2390, 2391, 2392, 2395, 2396, 2403, 2411, 2412, 2414, 2415, 2421, 2424, 2426, 2427, 2430, 2437, 2441, 2443, 2444, 2445, 2448, 2449, 2451, 2453, 2455, 2456, 2460, 2472, 2473, 2480, 2481, 2490, 2494, 2497, 2503, 2507, 2512, 2514, 2515, 2516, 2519, 2524, 2530, 2533, 2536, 2537, 2540, 2544, 2549, 2550, 2552, 2553, 2556, 2557, 2561, 2562, 2565, 2566, 2572, 2573, 2576, 2577, 2578, 2581, 2583, 2588, 2589, 2592, 2600, 2603, 2604, 2605, 2608, 2609, 2610, 2616, 2621, 2623, 2629, 2630, 2631, 2633, 2634, 2643, 2645, 2650, 2651, 2653, 2654, 2661, 2663, 2664, 2665, 2666, 2671, 2674, 2676, 2679, 2692, 2697, 2699, 2707, 2714, 2715, 2716, 2720, 2722, 2725, 2730, 2732, 2733, 2739, 2740, 2743, 2744, 2745, 2746, 2747, 2748, 2749, 2751, 2754, 2755, 2756, 2760, 2761, 2762, 2765, 2766, 2767, 2772, 2774, 2782, 2783, 2786, 2788, 2803, 2814, 2819, 2824, 2825, 2826, 2834, 2836, 2837, 2848, 2849, 2851, 2857, 2859, 2860, 2861, 2863, 2868, 2869, 2871, 2872, 2874, 2876, 2879, 2880, 2881, 2882, 2886, 2888, 2889, 2890, 2900, 2904, 2905, 2907, 2908, 2909, 2911, 2931, 2932, 2934, 2940, 2943, 2946, 2947, 2949, 2959, 2964, 2966, 2967, 2970, 2983, 2984, 2989, 2993, 2998, 2999, 3000, 3013, 3014, 3015, 3021, 3025, 3033, 3036, 3043, 3044, 3045, 3049, 3054, 3055, 3056, 3061, 3062, 3066, 3069, 3073, 3075, 3081, 3093, 3094, 3100, 3101, 3102, 3103, 3104, 3107, 3110, 3113, 3115, 3117, 3121, 3124, 3125, 3126, 3127, 3132, 3134, 3136, 3137, 3138, 3141, 3145, 3146, 3151, 3153, 3156, 3159, 3160, 3161, 3162, 3163, 3165, 3166, 3171, 3172, 3174, 3176, 3182, 3187, 3188, 3197, 3198, 3200, 3212, 3219, 3223, 3226, 3228, 3229, 3230, 3231, 3232, 3234, 3237, 3240, 3241, 3243, 3246, 3247, 3248, 3251, 3252, 3257, 3258, 3260, 3264, 3265, 3268, 3270, 3271, 3272, 3273, 3275, 3276, 3280, 3283, 3284, 3286, 3289, 3299, 3300, 3301, 3307, 3308, 3309, 3310, 3314, 3319, 3322, 3326, 3333, 3334, 3337, 3347, 3348, 3349, 3354, 3356, 3357, 3359, 3360, 3361, 3362, 3364, 3368, 3369, 3371, 3378, 3379, 3381, 3384, 3397, 3398, 3400, 3402, 3405, 3407, 3408, 3414, 3415, 3416, 3417, 3418, 3420, 3421, 3424, 3425, 3426, 3427]
The 4th cluster is
number of docs :92
The centroid is : 2640 4494 6689 3282 4735 238 3929 4143 6880 1433 3283 504 3284 338 5408 6421 2716 3123 3435 2494 3420 5896 3858 4632 644 3902 847 4204 3883 879 441 1664 4005 4908 5765 3750 3695 6521 5009 5185 2304 6061 6252 5017 2030 841 1740 2082 3350 4247 6785 6705 1140 1980 2978 4627 2386 89 893 2275 5534 1571 4625 23 3754 6299 3070 237 1666 6333 375 1348 3696 5891 6078 6892 444 2362 4874 3437 3096 5143 3558 6319 5173 
[5, 28, 63, 82, 196, 209, 248, 341, 360, 454, 464, 473, 504, 637, 643, 682, 701, 731, 754, 851, 904, 907, 962, 968, 987, 992, 993, 999, 1005, 1019, 1032, 1035, 1046, 1055, 1060, 1068, 1107, 1115, 1168, 1196, 1205, 1243, 1260, 1268, 1278, 1291, 1295, 1319, 1391, 1601, 1733, 1827, 1833, 1860, 1861, 2034, 2060, 2088, 2110, 2152, 2156, 2168, 2285, 2367, 2397, 2418, 2454, 2461, 2478, 2526, 2535, 2593, 2595, 2649, 2652, 2680, 2705, 2840, 2855, 2910, 2958, 3016, 3038, 3105, 3109, 3119, 3120, 3147, 3173, 3210, 3267, 3291]
The 5th cluster is
number of docs :369
The centroid is : 2719 4632 4635 4942 40 88 116 225 391 735 737 738 841 848 866 869 987 989 990 992 1064 1079 1334 1467 1516 1655 1664 1666 1850 1951 2000 2030 2032 2093 2227 2318 2582 2640 2965 3005 3420 3458 3472 3593 3665 3671 3858 3889 3903 3916 4004 4116 4149 4194 4196 4285 4340 4451 4546 4589 4686 4761 4858 4945 5049 5186 5187 5487 5528 5545 5552 5764 5840 5890 5914 5944 5955 5960 6067 6284 6562 6584 6660 6661 6664 6689 6714 445 4268 6546 6785 21 434 510 691 744 938 1081 2559 3433 3447 3717 4073 4483 4662 4860 4949 5183 5909 6543 6659 6674 6711 3727 3534 5725 6444 4941 1776 2300 5269 5943 2756 6423 1958 4417 4569 2627 3394 6874 4804 3405 652 1030 3012 3821 4914 1135 1123 1317 1423 2215 4894 6454 3616 6757 678 3912 6636 2031 4627 6150 3976 6361 5386 6662 4494 1403 5461 1495 6837 2403 3757 3498 89 1250 6296 6903 879 3060 5122 527 3002 5896 5891 5185 4205 3096 4093 5256 893 4497 2492 208 3446 4143 4442 3317 5435 1028 2533 3350 5442 6597 6721 3923 1553 894 2975 4020 5883 5721 6572 4735 1084 922 2703 1580 4178 6088 2013 5244 3282 4738 847 4247 2884 3688 1069 6887 6622 248 1401 4758 382 3034 3264 3814 3990 811 979 1379 1546 1569 1930 2023 2599 3522 3714 4198 4201 6817 6061 6618 3123 6880 4579 2275 3339 5553 3998 1766 4736 6705 3070 5173 4634 2654 6881 264 5511 2907 3310 3676 3276 935 6078 5017 1433 6319 1106 
[3, 12, 13, 24, 35, 45, 58, 64, 69, 80, 90, 100, 113, 126, 129, 141, 148, 151, 163, 175, 187, 194, 203, 212, 220, 231, 233, 242, 252, 262, 272, 281, 292, 302, 311, 321, 331, 334, 343, 353, 365, 373, 377, 388, 398, 409, 422, 436, 446, 449, 458, 469, 481, 493, 505, 516, 529, 540, 553, 566, 569, 580, 593, 606, 619, 629, 642, 651, 662, 674, 685, 687, 698, 699, 710, 711, 721, 733, 744, 756, 767, 778, 792, 801, 804, 814, 825, 835, 847, 858, 868, 880, 890, 902, 913, 916, 918, 927, 937, 946, 957, 970, 980, 991, 1002, 1012, 1024, 1027, 1036, 1037, 1050, 1061, 1073, 1085, 1096, 1109, 1121, 1133, 1143, 1146, 1157, 1170, 1182, 1195, 1207, 1219, 1229, 1241, 1252, 1264, 1267, 1279, 1289, 1292, 1304, 1316, 1327, 1339, 1352, 1364, 1376, 1388, 1390, 1401, 1412, 1422, 1432, 1445, 1458, 1471, 1483, 1495, 1506, 1509, 1521, 1533, 1546, 1557, 1566, 1585, 1593, 1604, 1614, 1615, 1624, 1627, 1637, 1646, 1657, 1669, 1680, 1693, 1703, 1717, 1729, 1731, 1740, 1752, 1763, 1772, 1781, 1803, 1813, 1825, 1837, 1840, 1850, 1863, 1864, 1868, 1873, 1885, 1893, 1894, 1895, 1907, 1918, 1929, 1932, 1933, 1943, 1950, 1953, 1955, 1958, 1969, 1975, 1980, 1981, 1994, 2006, 2015, 2020, 2026, 2029, 2031, 2037, 2047, 2059, 2070, 2073, 2075, 2085, 2089, 2097, 2107, 2119, 2131, 2140, 2145, 2150, 2160, 2174, 2186, 2188, 2189, 2199, 2211, 2221, 2234, 2244, 2246, 2257, 2267, 2277, 2280, 2289, 2297, 2298, 2302, 2305, 2315, 2327, 2339, 2350, 2362, 2366, 2375, 2386, 2398, 2410, 2422, 2425, 2436, 2446, 2450, 2462, 2475, 2482, 2486, 2498, 2509, 2520, 2527, 2532, 2541, 2545, 2547, 2558, 2568, 2570, 2579, 2590, 2602, 2613, 2617, 2625, 2635, 2636, 2646, 2659, 2662, 2673, 2684, 2694, 2706, 2719, 2729, 2738, 2741, 2753, 2763, 2773, 2776, 2787, 2797, 2800, 2810, 2820, 2829, 2842, 2852, 2862, 2870, 2873, 2883, 2885, 2895, 2903, 2914, 2926, 2937, 2948, 2961, 2972, 2982, 2994, 2996, 3006, 3017, 3029, 3041, 3052, 3065, 3074, 3085, 3096, 3108, 3111, 3122, 3133, 3144, 3155, 3167, 3177, 3189, 3201, 3211, 3224, 3227, 3239, 3250, 3261, 3269, 3279, 3288, 3297, 3306, 3316, 3327, 3330, 3342, 3353, 3365, 3377, 3388, 3399, 3411, 3422]
The 6th cluster is
number of docs :43
The centroid is : 841 3929 4735 5896 6521 6689 238 3282 4776 6299 2494 89 847 2181 2654 2716 6421 6880 4093 4264 4492 5167 6223 338 4143 4494 3005 5666 6828 3283 5408 5534 2492 3170 3299 3519 6705 4685 5260 6767 1031 1433 3396 3827 4874 543 644 1093 1518 1990 3344 3754 3902 3917 4579 5765 3229 5017 6089 541 1443 4592 5299 6761 879 3047 3676 5885 6881 1664 1743 1980 2275 2815 2900 3123 3295 3630 3858 6078 6613 2220 4196 4205 4155 5025 996 2897 2919 2944 3939 4585 5555 6319 6333 6785 2000 90 1662 1666 2082 3036 3219 3284 3348 3350 4095 4908 5172 5384 6867 6884 1290 3096 4632 5168 6224 1348 1432 2498 2554 3677 3695 3849 3995 4204 4442 4452 4480 5236 5891 6732 1215 237 329 500 634 772 971 1553 2325 2522 2838 3004 3276 3558 3560 3613 3652 3752 4005 4599 4865 6296 6359 6760 793 1605 3750 4092 4247 6343 397 1258 1996 2298 3018 4738 5659 5810 5834 387 1140 1414 2758 3870 4262 5706 6798 175 240 587 621 1532 1595 1630 2286 2683 2953 3233 3424 3828 5027 5051 5474 6142 6261 6266 6831 149 441 870 1587 2218 2309 3535 3776 3806 3874 4926 4930 5171 5575 5671 6432 1715 2269 2460 2640 3420 3534 4324 4658 5039 5738 5791 5792 6626 6686 444 626 912 2030 2632 2678 2876 3301 3346 3435 3477 4296 4301 4631 4941 5286 5656 316 1511 1575 1656 1681 2356 2386 3238 3883 4625 5571 5574 5583 6219 6226 6618 6633 6659 6839 213 1124 2703 3474 3580 3886 4293 5185 5230 5878 5987 453 1090 3625 4627 4736 5785 5909 6151 6157 6282 6847 
[38, 54, 510, 534, 740, 1011, 1013, 1175, 1242, 1257, 1261, 1326, 1330, 1396, 1438, 1567, 1570, 1600, 1656, 1710, 1738, 1962, 1987, 2102, 2130, 2163, 2279, 2313, 2488, 2491, 2504, 2538, 2539, 2597, 2607, 2615, 2965, 3011, 3012, 3078, 3140, 3181, 3373]
The 7th cluster is
number of docs :23
The centroid is : 468 4143 4738 6 621 960 1135 2005 2269 2529 2783 3244 3350 3365 3389 3506 3750 3864 4092 4106 5286 5551 5564 5659 6061 6062 6204 6689 1038 4093 6701 6767 240 1433 2716 3282 3283 5896 6521 2022 3036 4625 5408 6847 119 238 338 618 1664 2498 2600 3005 4095 4756 5525 5867 6421 441 3858 4874 5185 6705 6822 6831 1575 89 444 500 644 847 1275 3902 4413 4438 4579 4735 5146 5283 5534 5574 5582 6299 2703 4747 1024 1064 1580 3310 1586 1740 2978 3676 3946 2494 3660 3865 3897 3929 4262 4264 4492 4632 5135 5561 5703 6296 1980 4258 4317 4749 5027 6157 6736 494 3123 4247 5587 1524 2275 4791 5782 1186 2082 2470 4281 4742 5236 387 3913 4174 4189 4243 5571 6496 879 971 983 1120 1447 1538 1562 2640 2726 2764 3692 3837 3956 5002 5156 5926 6688 6757 6887 
[333, 348, 527, 546, 625, 879, 977, 1067, 1108, 1163, 1273, 1353, 1408, 2250, 2344, 2510, 2574, 2757, 2781, 2906, 2953, 3149, 3242]
The 8th cluster is
number of docs :252
The centroid is : 841 2640 6659 4735 3420 4494 4632 6662 2030 5185 1664 5891 6837 879 4442 1666 847 3350 4093 4736 5186 4143 89 3858 4635 893 2031 4761 5896 4497 4205 4247 6299 4941 238 6881 894 2703 6664 1580 4196 5552 6785 3310 2654 4634 3005 1663 3998 5167 6078 6319 3282 6061 2082 2460 2907 3344 2706 2554 2022 3936 4579 4627 4908 1186 3070 6661 4268 5017 6618 1433 3422 4073 3580 512 4194 5571 500 5386 3507 3534 5244 3558 2275 2838 6663 
[50, 66, 93, 123, 128, 143, 144, 149, 161, 170, 171, 191, 202, 217, 228, 258, 282, 286, 288, 306, 307, 322, 358, 359, 366, 367, 374, 415, 417, 474, 483, 490, 544, 545, 547, 549, 550, 552, 560, 567, 590, 598, 603, 624, 631, 675, 676, 683, 693, 694, 697, 702, 707, 708, 730, 751, 761, 791, 861, 862, 865, 876, 882, 899, 912, 924, 941, 1010, 1042, 1058, 1063, 1092, 1093, 1100, 1106, 1120, 1136, 1138, 1152, 1162, 1165, 1180, 1181, 1212, 1216, 1226, 1227, 1290, 1308, 1324, 1336, 1344, 1349, 1350, 1392, 1435, 1448, 1451, 1452, 1478, 1480, 1484, 1510, 1519, 1529, 1539, 1580, 1586, 1612, 1613, 1645, 1659, 1673, 1678, 1690, 1695, 1711, 1719, 1760, 1788, 1822, 1862, 1869, 1913, 1919, 1920, 1964, 1995, 2019, 2023, 2028, 2046, 2051, 2068, 2080, 2106, 2117, 2118, 2120, 2128, 2137, 2148, 2166, 2219, 2239, 2254, 2263, 2286, 2299, 2303, 2353, 2393, 2400, 2404, 2407, 2413, 2432, 2447, 2458, 2459, 2485, 2521, 2522, 2546, 2587, 2599, 2606, 2614, 2622, 2626, 2627, 2656, 2682, 2685, 2693, 2695, 2696, 2700, 2702, 2708, 2711, 2712, 2713, 2718, 2726, 2736, 2764, 2769, 2799, 2807, 2808, 2815, 2816, 2817, 2818, 2821, 2822, 2823, 2827, 2835, 2853, 2854, 2864, 2887, 2899, 2921, 2929, 2936, 2945, 2956, 2962, 2963, 2969, 2974, 2979, 3003, 3022, 3023, 3026, 3030, 3031, 3035, 3039, 3058, 3059, 3063, 3064, 3076, 3082, 3131, 3152, 3179, 3180, 3208, 3209, 3221, 3222, 3225, 3235, 3236, 3245, 3249, 3294, 3318, 3321, 3325, 3328, 3345, 3383, 3396, 3412, 3413]
The 9th cluster is
number of docs :0
The centroid is : 
[]
The 10th cluster is
number of docs :86
The centroid is : 463 841 4494 879 6828 5185 4143 2703 1374 3858 89 6299 6887 1664 1433 4735 2522 4093 238 2832 5167 2654 3005 4005 4874 2554 3350 644 3299 3902 3998 5186 6061 1666 6078 237 2000 3676 4761 5987 6881 3070 3282 847 894 4247 1024 1580 3754 4205 2907 4632 4736 3096 4625 3936 1311 2030 3344 4442 4631 4685 6319 6662 2640 3630 6296 3752 397 3753 5896 6761 1051 871 893 1348 2275 2716 3827 4908 2795 
[16, 25, 40, 44, 53, 61, 62, 88, 103, 111, 124, 136, 154, 155, 164, 166, 172, 181, 184, 189, 260, 431, 466, 638, 686, 782, 853, 885, 911, 934, 1071, 1188, 1248, 1254, 1258, 1274, 1321, 1325, 1358, 1366, 1367, 1371, 1405, 1542, 1674, 1689, 1816, 1874, 1875, 2050, 2061, 2062, 2184, 2266, 2358, 2401, 2429, 2464, 2471, 2474, 2487, 2492, 2531, 2534, 2551, 2591, 2640, 2669, 2896, 3139, 3255, 3298, 3315, 3324, 3335, 3340, 3341, 3350, 3352, 3370, 3380, 3389, 3401, 3403, 3404, 3428]
The 11th cluster is
number of docs :772
The centroid is : 2031 3384 3005 5552 4941 5185 5891 6296 841 1664 879 1666 3389 4494 2703 5186 4442 6880 3858 4627 893 2030 4632 2640 3998 3350 4093 3420 4143 6785 6881 5896 4735 4497 4942 5386 894 5517 4761 4205 1837 1433 89 2352 6078 6662 2275 6767 4635 4196 1663 3676 1296 3936 238 6659 4258 6333 3534 6319 847 5792 1297 4736 1674 4908 621 5156 6689 6824 5244 2082 3282 1580 1980 5987 1849 3310 4247 6828 1124 5017 1206 6705 3070 3752 4957 3558 3902 5167 3299 1311 6745 644 3754 2356 2716 4452 4631 2021 4926 5555 870 3295 3535 3507 6663 2654 5571 3696 4738 2838 5551 3123 
[4, 14, 15, 21, 22, 29, 32, 33, 34, 43, 55, 59, 60, 67, 68, 70, 78, 79, 83, 89, 91, 92, 96, 97, 98, 109, 110, 114, 115, 125, 131, 139, 140, 157, 159, 165, 179, 180, 182, 195, 197, 204, 210, 211, 219, 222, 223, 224, 229, 230, 234, 235, 238, 240, 243, 244, 246, 247, 250, 251, 254, 255, 256, 257, 259, 263, 264, 271, 273, 276, 278, 279, 280, 283, 290, 291, 295, 297, 298, 299, 301, 303, 305, 308, 309, 310, 312, 313, 314, 315, 316, 317, 318, 323, 324, 325, 326, 336, 342, 344, 345, 346, 347, 351, 352, 355, 356, 361, 363, 368, 369, 371, 372, 375, 378, 379, 382, 384, 389, 392, 395, 397, 401, 407, 408, 410, 412, 413, 414, 420, 421, 427, 428, 430, 434, 435, 439, 440, 441, 442, 443, 450, 451, 452, 457, 459, 463, 467, 476, 479, 480, 485, 487, 489, 491, 514, 515, 537, 538, 541, 551, 556, 557, 562, 564, 565, 571, 572, 575, 576, 577, 578, 585, 589, 595, 597, 599, 600, 601, 602, 607, 608, 620, 626, 635, 636, 639, 640, 641, 649, 655, 658, 660, 661, 663, 665, 670, 681, 684, 690, 691, 692, 700, 703, 704, 705, 706, 719, 722, 723, 724, 728, 729, 735, 736, 737, 745, 746, 747, 749, 752, 755, 765, 766, 769, 770, 771, 772, 774, 775, 777, 781, 784, 785, 786, 790, 793, 794, 795, 796, 797, 798, 799, 803, 805, 806, 807, 809, 810, 813, 815, 822, 823, 833, 837, 838, 839, 841, 842, 843, 844, 845, 848, 849, 854, 855, 856, 859, 860, 869, 870, 871, 872, 873, 875, 881, 883, 884, 888, 891, 892, 895, 896, 901, 905, 906, 908, 925, 931, 935, 938, 939, 940, 942, 955, 959, 960, 963, 964, 965, 966, 975, 976, 978, 983, 984, 989, 998, 1007, 1020, 1025, 1062, 1078, 1079, 1083, 1086, 1087, 1088, 1090, 1091, 1095, 1113, 1114, 1123, 1124, 1130, 1137, 1140, 1158, 1166, 1172, 1173, 1183, 1187, 1197, 1213, 1214, 1230, 1233, 1239, 1240, 1250, 1265, 1287, 1306, 1328, 1331, 1332, 1341, 1345, 1346, 1361, 1363, 1369, 1370, 1373, 1374, 1381, 1386, 1395, 1403, 1404, 1418, 1423, 1427, 1433, 1439, 1444, 1446, 1447, 1454, 1455, 1456, 1457, 1463, 1465, 1466, 1467, 1468, 1477, 1482, 1486, 1492, 1494, 1497, 1498, 1503, 1504, 1507, 1511, 1512, 1513, 1518, 1523, 1526, 1527, 1528, 1530, 1531, 1532, 1540, 1543, 1547, 1550, 1555, 1556, 1558, 1559, 1562, 1563, 1564, 1565, 1568, 1572, 1573, 1574, 1575, 1581, 1587, 1588, 1589, 1592, 1594, 1596, 1598, 1599, 1606, 1607, 1611, 1616, 1618, 1620, 1621, 1622, 1623, 1641, 1649, 1652, 1654, 1658, 1660, 1665, 1670, 1671, 1675, 1676, 1681, 1682, 1683, 1685, 1686, 1687, 1691, 1692, 1699, 1700, 1704, 1705, 1706, 1708, 1716, 1721, 1722, 1723, 1727, 1728, 1739, 1741, 1742, 1746, 1747, 1750, 1754, 1759, 1761, 1762, 1764, 1768, 1769, 1770, 1773, 1774, 1777, 1778, 1782, 1783, 1789, 1790, 1798, 1800, 1802, 1819, 1826, 1831, 1832, 1834, 1839, 1841, 1842, 1843, 1844, 1845, 1859, 1884, 1886, 1899, 1922, 1939, 1948, 1952, 1956, 1963, 1978, 1979, 1982, 1992, 1993, 1996, 1998, 2011, 2016, 2017, 2038, 2056, 2067, 2071, 2077, 2078, 2079, 2083, 2090, 2091, 2093, 2094, 2096, 2121, 2132, 2134, 2136, 2141, 2142, 2144, 2149, 2157, 2172, 2173, 2177, 2178, 2179, 2202, 2203, 2209, 2216, 2217, 2218, 2220, 2226, 2228, 2229, 2232, 2233, 2240, 2260, 2262, 2269, 2272, 2288, 2293, 2296, 2306, 2307, 2310, 2311, 2316, 2324, 2326, 2332, 2341, 2355, 2356, 2360, 2369, 2370, 2374, 2376, 2382, 2399, 2405, 2406, 2416, 2419, 2423, 2431, 2435, 2457, 2463, 2465, 2466, 2469, 2470, 2479, 2484, 2489, 2495, 2499, 2501, 2506, 2508, 2517, 2518, 2528, 2529, 2543, 2563, 2564, 2567, 2569, 2611, 2612, 2637, 2639, 2647, 2657, 2660, 2667, 2668, 2670, 2681, 2683, 2686, 2687, 2688, 2689, 2690, 2691, 2701, 2703, 2709, 2710, 2721, 2723, 2727, 2728, 2737, 2775, 2777, 2779, 2780, 2791, 2792, 2793, 2794, 2795, 2796, 2798, 2801, 2806, 2812, 2831, 2832, 2841, 2846, 2847, 2875, 2878, 2892, 2893, 2898, 2902, 2913, 2915, 2916, 2918, 2919, 2920, 2922, 2924, 2925, 2927, 2930, 2933, 2938, 2939, 2941, 2942, 2944, 2951, 2952, 2954, 2955, 2977, 2985, 2987, 2988, 2995, 3001, 3002, 3008, 3009, 3010, 3018, 3019, 3020, 3024, 3027, 3028, 3032, 3037, 3046, 3047, 3057, 3083, 3084, 3086, 3087, 3089, 3090, 3098, 3099, 3112, 3123, 3128, 3129, 3130, 3142, 3143, 3150, 3168, 3169, 3170, 3175, 3178, 3184, 3185, 3186, 3192, 3193, 3194, 3195, 3202, 3203, 3204, 3205, 3213, 3214, 3216, 3217, 3244, 3278, 3281, 3282, 3293, 3295, 3296, 3311, 3312, 3320, 3332, 3346, 3351, 3363, 3366, 3376, 3386, 3391, 3393, 3394, 3395, 3409, 3410, 3429, 3430]
